443 399
0
828
202
19
0
0
0
0
735
0
0
0
0
0
432
0
0
871
757
311
518
0
669
494
272
0
734
0
440
0
543
637
0
577
767
0
0
0
782
151
0
0
149
0
85
0
923
0
0
0
645
309
0
0
474
673
448
0
0
0
184
0
0
0
976
369
0
0
0
866
340
0
0
397
126
636
0
485
996
0
436
917
330
0
583
0
923
919
330
411
39
390
0
0
693
0
0
0
0
0
0
326
37
0
828
0
471
79
157
730
0
0
0
830
620
0
0
0
641
0
877
138
343
0
518
515
0
889
694
247
249
0
0
581
0
0
99
896
531
0
0
286
0
822
0
784
0
155
210
255
0
422
0
179
713
0
266
179
707
227
39
484
956
836
169
0
990
365
0
0
326
4
842
965
0
975
0
19
0
0
0
0
942
0
742
0
0
504
713
0
742
0
710
0
0
0
189
0
932
0
0
766
0
0
0
42
322
19
655
0
0
713
657
0
0
136
0
990
749
0
829
214
115
0
0
467
0
500
586
0
208
0
466
370
0
25
0
0
997
355
855
0
500
0
166
0
336
176
0
0
630
0
0
0
500
0
0
0
0
932
411
0
0
824
0
965
0
599
0
794
0
0
0
241
390
335
941
0
45
684
0
0
553
243
0
747
0
0
673
0
387
750
0
0
0
453
0
185
0
0
0
43
0
0
0
0
371
473
0
0
293
833
0
362
0
0
340
671
885
775
243
726
0
559
0
997
957
0
194
0
90
0
0
234
818
0
515
0
351
0
627
444
872
859
0
690
263
0
242
848
0
993
0
877
0
903
4
532
0
0
0
30
617
0
744
829
191
0
945
242
0
573
0
0
0
657
703
0
164
0
0
47
0
0
73
0
0
696
561
0
0
394
408
327
312
0
190
60
821
0
0
274
134
838
0
360
0
40
0
0
674
820
666
468
678
0
555
0
790
0
205
628
868
0
0
0
116
931
159
350
0
0
0
664
78
0
618
0
475
911
0
963
0
