476 325
645
445
164
65
0
0
373
233
0
437
79
825
122
87
235
694
470
23
164
968
0
695
62
360
636
0
935
0
260
77
0
778
484
971
0
376
616
0
0
670
302
502
945
590
0
0
555
774
0
979
334
541
476
280
804
18
945
377
399
0
301
421
793
856
0
0
682
989
29
543
754
100
659
981
909
188
917
922
325
887
243
982
962
835
589
110
0
799
636
656
910
531
104
60
494
80
790
0
969
0
0
0
0
0
529
778
349
635
0
336
52
945
772
342
75
322
74
849
14
377
713
0
0
457
251
69
0
0
760
0
611
0
398
0
794
140
0
315
0
955
185
173
555
176
186
0
474
293
793
312
37
855
377
41
549
0
983
208
334
912
577
386
587
43
349
798
833
758
632
0
506
483
0
654
302
544
63
0
352
450
25
557
666
91
259
623
991
140
0
948
920
48
305
874
172
248
0
283
414
449
232
782
0
443
0
52
869
0
669
826
771
0
0
860
25
551
201
0
32
141
0
0
643
311
0
549
489
246
863
773
436
0
673
15
277
269
928
0
0
956
65
892
0
146
67
740
795
387
0
404
0
118
0
115
0
575
712
215
342
901
515
867
0
536
386
980
640
692
532
705
745
0
153
283
628
0
0
0
161
0
277
412
466
976
711
526
433
567
191
281
748
617
890
103
0
849
64
0
129
259
625
72
289
984
226
421
927
927
169
87
224
887
744
668
748
941
496
293
837
0
834
716
183
0
0
950
29
366
0
0
294
372
853
522
996
424
232
478
311
449
0
779
463
517
674
0
0
601
872
851
751
549
138
320
0
391
847
0
925
228
613
0
0
0
330
938
136
768
0
211
147
697
302
0
770
483
0
0
0
486
150
0
0
0
820
178
48
497
917
3
613
638
268
59
156
0
436
0
840
500
0
328
119
938
337
872
0
288
293
895
561
288
821
867
375
881
507
901
144
793
0
260
593
819
276
162
422
695
821
289
633
652
196
370
15
0
383
433
957
552
371
0
817
336
943
258
0
623
185
272
520
346
231
984
483
223
486
0
940
958
141
289
629
691
112
200
468
0
0
0
0
154
379
848
833
0
