984 399
609
957
703
63
335
186
75
902
494
316
185
629
6
441
963
20
681
510
703
994
373
826
263
531
904
414
546
190
648
673
978
982
670
265
703
184
124
968
276
167
890
38
22
532
808
551
77
689
861
374
16
666
766
311
173
159
635
418
537
915
76
919
966
154
6
168
290
850
907
208
930
42
191
107
404
228
266
610
196
891
22
116
727
49
858
432
375
678
188
510
675
855
120
525
852
469
548
188
735
49
256
327
593
229
922
849
257
177
892
649
157
15
743
765
544
555
609
595
116
621
99
693
140
742
946
272
830
51
225
160
440
789
647
443
390
189
360
520
189
345
879
49
338
290
714
537
97
220
474
450
85
68
795
487
633
691
834
960
629
839
350
443
162
49
986
302
763
858
841
614
390
676
297
762
635
658
330
102
837
58
451
496
21
458
173
683
786
784
766
909
541
516
204
930
493
616
929
532
240
872
6
782
404
392
579
873
570
934
576
161
278
550
289
587
682
582
84
924
539
452
642
232
437
290
651
203
880
360
248
180
794
592
453
410
465
239
112
992
469
183
848
761
96
264
93
963
282
982
629
476
612
782
605
575
972
329
253
392
324
312
573
199
280
732
42
700
730
673
806
131
296
62
559
390
892
671
948
884
429
346
330
159
25
448
491
887
346
897
595
428
759
105
838
826
505
651
574
163
154
264
435
60
448
551
286
153
574
954
138
558
807
56
371
315
427
799
541
973
978
29
482
662
981
523
566
443
262
695
227
82
633
205
18
73
658
723
640
132
668
909
191
849
967
815
984
237
924
119
713
354
197
67
393
683
217
426
895
982
655
569
697
704
331
752
684
850
296
411
533
553
267
740
725
281
827
110
350
843
749
961
854
426
797
999
706
419
369
747
871
4
702
735
393
774
535
451
45
577
747
129
462
695
128
953
47
450
30
292
393
884
6
885
572
582
804
926
697
696
939
108
328
553
469
180
427
267
225
902
155
975
109
454
810
926
485
263
111
799
413
653
883
745
772
154
128
912
849
638
223
591
282
514
461
552
902
357
601
423
406
929
814
341
228
839
872
565
449
70
236
689
177
526
667
911
575
181
945
242
603
956
52
137
329
931
871
14
718
760
865
637
523
33
664
888
241
767
614
41
834
358
956
734
35
300
359
159
532
297
758
840
132
766
409
938
875
888
60
270
200
576
238
216
192
998
370
369
202
701
878
848
425
636
916
634
177
532
995
570
255
546
120
258
163
976
656
569
537
69
179
749
129
524
432
497
508
782
146
985
68
860
463
917
664
719
216
236
388
87
997
27
26
648
167
964
509
304
762
576
467
69
640
695
236
838
455
386
425
551
652
4
771
521
377
237
82
246
350
808
381
513
710
380
377
682
151
202
494
426
406
865
259
500
745
100
198
358
437
57
384
658
917
676
344
519
801
560
753
859
724
236
191
652
404
408
409
679
833
786
387
985
766
838
23
359
197
445
953
103
522
692
603
144
120
928
690
576
293
984
146
532
656
454
365
415
336
621
686
718
839
746
661
449
456
358
747
102
413
597
220
830
983
452
80
474
355
499
167
405
961
794
279
843
71
937
470
403
797
679
625
595
993
880
231
830
383
737
820
359
922
19
15
531
632
226
391
597
247
411
15
92
283
549
964
520
857
177
208
535
641
704
967
811
97
217
761
328
465
810
541
90
276
122
424
646
748
658
396
962
752
653
323
975
482
509
503
442
392
36
453
557
251
217
166
768
902
444
172
849
935
426
837
466
80
934
809
614
53
83
724
949
725
257
984
183
94
852
775
479
654
6
802
194
739
768
341
541
977
370
956
65
601
171
6
433
455
534
505
736
909
318
398
109
577
455
627
843
167
882
983
113
474
114
376
711
81
364
224
463
433
528
986
403
858
787
838
494
642
364
680
386
778
958
365
178
700
463
812
641
150
433
748
703
59
995
262
667
801
740
395
35
297
379
695
660
962
373
531
814
616
397
306
906
916
222
968
504
856
22
740
242
832
366
133
460
242
322
982
531
37
860
260
70
53
624
108
537
683
713
380
153
673
157
150
872
477
723
304
124
379
719
204
269
137
72
263
7
169
403
169
327
786
455
261
707
973
773
46
919
50
731
680
244
227
832
270
593
950
354
836
983
695
638
805
68
494
979
343
47
585
194
903
433
67
909
920
544
211
568
483
631
402
284
349
426
41
523
916
889
400
266
383
771
19
224
932
616
741
415
9
309
737
111
902
340
