337 622
800
71
581
0
0
2
446
224
16
112
853
0
961
633
950
458
950
634
37
246
0
440
0
46
689
0
807
0
581
0
730
557
743
905
416
679
705
742
0
848
0
906
950
0
892
0
954
283
0
887
611
940
0
461
0
0
175
684
845
0
408
0
38
261
0
917
607
0
816
916
593
139
0
845
392
754
0
332
481
869
207
696
605
0
0
484
0
996
56
213
744
747
212
0
0
539
754
261
169
0
10
373
0
554
764
900
238
760
255
75
0
216
580
201
655
451
623
595
0
75
0
0
786
256
0
0
0
882
0
0
0
898
0
511
115
183
0
993
0
0
930
298
795
403
0
874
619
0
0
0
442
497
94
0
516
697
354
973
156
639
886
301
805
198
0
0
0
594
0
669
0
0
0
0
142
771
912
600
426
0
945
741
747
695
0
768
313
252
0
0
837
0
456
0
316
457
561
840
417
672
668
0
0
422
723
494
0
247
0
556
744
76
122
198
26
460
233
240
0
685
479
512
919
0
657
853
632
756
171
796
0
880
183
581
540
0
845
57
918
919
272
0
41
344
0
688
825
456
505
278
0
81
0
0
610
0
0
45
267
237
101
0
542
0
0
62
0
637
0
364
0
437
16
151
802
452
395
0
714
641
824
215
0
400
0
0
339
52
506
0
339
0
367
643
441
0
517
979
89
537
612
593
0
558
132
0
0
354
907
726
0
797
713
0
876
0
829
467
785
0
0
737
360
729
559
43
0
191
15
0
572
359
726
782
422
386
0
