1091 159
407
0
777
0
567
613
547
382
20
625
31
0
528
935
939
0
0
804
880
259
708
307
0
808
926
0
289
0
775
571
612
637
0
802
0
0
209
128
218
0
67
799
62
953
850
978
840
667
934
0
952
326
0
153
953
0
395
903
289
0
0
247
73
410
605
99
0
0
755
0
681
0
847
0
338
399
216
551
865
996
45
13
186
5
194
20
0
112
957
0
678
0
0
339
995
0
655
959
427
655
143
0
0
166
0
0
442
0
566
0
487
773
992
611
338
0
567
0
0
0
793
428
0
0
430
330
882
17
0
0
27
437
447
0
788
406
457
22
952
0
902
0
0
960
912
548
0
182
8
713
91
427
0
171
433
859
206
746
127
654
0
653
894
326
880
804
0
19
878
397
276
966
770
0
360
475
119
464
0
690
0
0
123
930
918
0
0
699
0
0
96
838
854
679
653
0
29
0
0
457
930
0
244
470
0
0
809
158
708
0
424
344
393
135
303
0
623
0
810
664
399
0
441
0
827
430
129
938
0
676
926
587
823
205
906
722
62
858
438
0
465
0
51
0
722
623
745
0
73
814
0
163
0
551
871
309
0
0
0
0
5
55
481
769
783
194
943
0
0
974
729
187
219
403
59
441
172
650
0
205
277
0
0
636
850
685
244
842
458
509
918
0
466
203
0
534
22
0
550
0
914
587
230
268
537
0
780
816
818
535
0
558
600
0
0
0
0
682
0
151
546
210
259
0
0
0
690
304
591
594
0
77
985
6
0
0
994
0
850
0
643
379
811
0
246
0
163
391
523
123
0
747
606
506
0
509
515
641
0
118
383
808
0
896
553
331
0
0
702
471
622
419
435
0
0
361
800
800
0
0
520
0
746
0
0
498
621
0
0
840
726
0
369
0
844
221
263
338
482
85
366
656
729
548
0
359
566
0
690
872
479
0
952
863
0
299
457
0
18
0
0
721
101
445
0
0
308
0
602
880
0
940
866
300
229
817
0
27
104
0
0
0
421
968
164
753
904
516
0
0
0
125
359
818
974
0
0
249
0
0
252
713
270
381
265
0
0
0
894
591
372
167
155
306
0
250
251
254
206
722
0
842
485
0
0
945
914
292
666
407
92
0
269
143
0
0
744
250
0
813
481
186
518
0
798
0
0
739
880
0
0
0
0
348
0
705
0
632
963
151
652
161
566
0
156
0
67
493
621
0
672
0
0
0
269
59
44
595
80
0
512
319
702
0
29
376
451
78
847
941
738
0
0
708
713
917
10
404
454
0
0
0
0
0
363
205
657
371
43
0
173
852
718
855
0
444
0
0
0
567
249
624
949
114
979
756
588
0
71
0
779
0
0
430
376
0
300
821
0
816
455
231
988
943
754
837
0
0
354
0
262
511
205
703
884
477
0
0
715
138
204
160
35
448
285
0
195
0
817
311
601
416
144
840
876
0
0
867
854
0
447
893
0
517
0
563
909
0
355
309
982
549
261
763
0
571
384
929
693
0
719
138
560
985
702
19
104
0
410
0
226
0
724
0
305
256
0
181
996
0
168
825
796
196
589
715
206
832
258
201
0
834
33
808
0
149
311
0
0
553
266
0
796
0
987
253
739
621
400
215
705
791
310
0
0
0
0
0
397
0
925
0
171
34
476
603
0
616
89
0
0
404
797
244
8
798
483
517
0
0
51
320
358
849
270
0
555
883
593
0
571
854
435
697
0
687
84
928
0
806
730
0
281
943
574
0
942
203
0
146
129
0
0
0
163
0
735
795
0
415
0
580
43
0
178
0
433
288
809
0
66
287
0
303
0
0
0
0
772
530
0
858
448
0
603
595
112
750
425
94
0
0
892
695
668
738
0
303
636
216
539
997
178
306
0
713
0
310
0
0
0
957
0
218
908
851
157
0
0
286
0
0
834
0
843
0
739
132
0
907
34
697
973
599
592
223
0
337
0
0
0
870
464
850
998
800
0
257
474
460
268
813
0
563
45
0
126
0
616
470
949
479
220
500
0
0
381
0
801
0
890
0
51
0
0
0
559
643
0
0
0
130
873
0
0
787
328
0
0
659
359
656
0
0
0
0
0
4
82
0
0
0
0
213
0
70
775
0
253
119
229
0
42
0
651
0
256
753
0
962
373
555
0
539
521
976
355
0
836
0
143
360
808
431
941
0
0
54
0
0
0
859
0
0
167
251
979
0
0
0
0
0
0
614
260
791
0
971
843
427
374
446
816
36
899
905
84
146
0
0
987
793
331
0
0
201
913
850
621
530
763
0
0
712
0
543
0
297
302
87
561
202
369
643
0
0
0
37
0
0
0
0
132
525
0
0
547
548
282
582
838
453
711
357
0
0
310
910
0
0
620
0
0
621
0
280
977
647
764
0
154
857
349
961
18
0
592
0
0
754
963
428
242
0
850
128
677
149
577
192
975
777
630
787
0
0
868
608
226
668
0
0
0
172
236
902
784
695
914
842
0
