355 1089
95
0
59
0
696
820
94
565
0
80
0
490
693
966
947
504
280
616
0
298
239
586
971
599
0
0
261
0
87
115
0
0
476
0
161
0
0
19
866
0
948
0
639
734
863
0
439
0
0
373
0
825
0
809
82
751
823
300
854
491
0
400
834
794
0
403
554
0
779
0
0
629
902
0
29
365
0
378
0
966
0
16
744
155
146
73
187
29
950
391
437
926
0
151
0
111
242
0
801
833
0
0
535
751
849
78
0
767
996
462
0
47
122
987
351
959
0
324
0
422
181
0
0
0
421
0
0
0
108
817
220
0
177
35
656
959
365
501
0
768
0
0
0
380
0
425
591
0
0
471
0
0
0
0
643
836
0
784
487
0
118
0
164
82
7
0
0
380
512
0
40
0
299
370
324
0
0
0
0
0
860
502
424
0
0
0
144
566
641
138
479
0
146
828
0
0
0
922
519
0
0
350
0
0
15
0
0
442
280
0
811
109
591
0
0
651
0
990
204
875
973
0
223
341
979
493
0
58
0
617
136
684
370
0
940
936
0
0
19
706
806
0
26
774
230
768
0
802
961
0
0
0
0
439
831
0
0
515
666
0
261
0
0
122
0
384
0
0
0
89
22
110
0
405
0
0
612
0
873
0
455
0
629
328
275
0
363
766
959
0
0
90
0
0
0
0
0
190
0
0
0
629
71
219
247
0
0
0
0
0
982
0
0
254
935
0
412
837
0
0
0
147
481
0
277
726
877
0
430
689
840
572
0
0
847
120
0
709
0
0
331
0
0
0
0
1
0
89
0
0
999
530
0
0
791
