708 312
386
0
0
0
0
636
0
0
215
29
963
843
548
511
0
0
0
0
0
750
587
0
0
714
547
135
0
46
0
0
0
0
49
557
0
593
54
0
822
232
84
684
267
812
47
0
0
712
875
0
0
552
0
459
0
0
463
0
0
772
877
129
0
601
0
352
524
746
0
941
0
73
0
0
0
0
354
247
0
697
0
896
0
132
824
0
0
800
0
247
153
118
0
0
781
728
0
0
635
0
647
0
404
276
591
629
0
603
0
0
0
0
0
0
309
0
762
824
0
0
907
366
0
248
59
0
0
0
0
0
991
0
379
0
0
0
0
274
295
0
0
6
0
93
0
262
313
369
853
0
0
514
765
0
179
589
696
0
14
0
0
21
907
431
784
696
0
916
0
361
634
0
0
0
231
0
0
240
475
189
954
0
0
0
999
724
171
681
0
0
728
0
398
46
0
0
0
783
896
448
0
0
0
438
0
0
0
355
657
610
0
82
0
0
596
829
0
0
745
55
210
0
105
395
0
0
163
207
656
733
0
819
0
0
0
0
0
186
0
0
0
905
418
607
321
193
0
0
0
492
997
751
0
507
969
0
530
0
962
0
0
193
943
0
0
546
0
901
0
769
631
0
102
566
804
0
659
856
505
871
0
724
0
0
319
49
209
0
217
0
10
304
156
0
514
345
0
0
939
0
0
962
953
726
0
415
922
0
586
141
0
267
250
310
0
719
0
0
532
916
944
269
960
181
0
226
887
516
0
0
0
373
0
0
111
30
473
332
0
0
0
0
0
722
0
0
186
24
0
321
0
401
329
539
1
170
0
542
0
821
819
0
0
0
0
0
138
429
111
883
0
442
202
0
0
0
97
161
87
699
983
560
0
0
0
602
0
961
0
0
0
861
0
0
0
694
0
0
0
569
249
997
0
0
0
543
358
229
0
772
214
237
0
0
0
319
0
0
0
180
0
0
957
980
982
0
647
383
888
0
0
469
601
494
0
755
0
856
0
0
0
0
0
105
0
0
791
445
0
454
0
0
0
60
489
791
0
845
176
421
989
0
0
90
0
0
0
449
505
242
0
0
414
0
0
0
332
22
902
0
0
0
576
561
0
955
358
0
899
0
23
346
565
0
372
0
247
0
0
0
988
0
0
940
0
0
0
0
765
774
206
15
376
0
556
562
0
692
0
201
0
574
0
0
0
884
199
0
0
778
0
185
0
610
543
0
0
0
0
702
707
19
101
0
585
0
0
0
0
0
0
593
525
768
0
356
110
452
0
0
0
991
0
0
9
363
645
892
475
0
863
618
0
0
158
279
0
0
0
107
818
0
298
0
318
188
35
244
135
0
0
880
144
0
967
0
0
19
0
10
513
0
0
0
882
0
379
502
298
0
0
0
0
938
408
288
0
0
0
0
0
0
375
0
283
0
713
0
0
0
0
0
0
0
0
963
0
0
0
0
0
0
0
0
148
831
702
0
0
0
0
0
0
0
0
0
0
0
0
0
0
655
622
223
0
592
0
0
452
870
83
72
283
23
0
318
538
0
442
210
0
321
537
327
0
0
0
98
0
0
565
865
778
0
0
224
0
724
0
1000
0
0
805
224
131
0
0
354
