726 779
0
0
215
503
457
0
0
381
0
797
405
0
533
491
931
988
0
875
202
2
858
946
726
0
0
906
223
982
526
757
0
542
282
0
219
0
175
470
0
0
0
888
0
736
118
0
0
0
0
972
0
0
956
0
0
343
211
0
371
867
14
681
0
0
0
685
0
0
0
0
294
0
0
430
0
0
244
0
607
0
0
0
361
0
0
467
999
580
559
225
0
244
610
0
635
200
0
0
667
0
0
539
0
0
576
0
0
510
653
0
0
0
0
0
0
0
887
0
145
270
0
628
0
726
649
0
4
0
0
427
0
0
907
827
0
0
370
0
0
838
0
0
217
0
0
0
0
0
0
0
94
455
137
0
0
828
0
608
698
0
733
236
366
0
0
0
672
0
983
0
137
760
748
531
0
0
0
0
0
311
469
308
627
29
0
0
0
0
0
0
0
786
0
0
0
724
0
0
198
71
791
165
0
777
451
0
941
150
984
269
191
0
646
0
175
320
0
0
0
898
104
381
0
745
507
936
0
0
0
54
0
176
0
0
0
0
0
0
122
0
0
336
203
0
0
0
0
775
0
0
929
122
29
903
0
0
959
0
0
0
396
807
0
0
0
21
0
0
768
647
0
0
0
220
896
152
476
485
0
159
0
824
0
361
0
476
733
35
0
911
807
0
416
778
298
0
892
0
0
0
674
0
0
0
0
181
152
0
0
94
510
0
798
0
0
821
283
0
0
459
779
79
0
0
341
0
0
992
0
943
847
586
346
0
0
364
0
0
0
42
118
783
0
0
976
565
452
0
0
0
201
0
0
259
718
0
0
0
0
169
506
945
0
144
0
0
0
785
0
0
635
79
0
911
0
0
0
22
0
314
0
0
0
0
48
618
825
969
979
0
0
0
0
169
155
545
195
582
99
829
0
597
214
228
325
0
964
607
234
467
0
909
303
0
771
761
364
0
908
0
0
870
0
0
963
0
0
10
561
0
0
0
791
0
723
0
0
0
0
850
611
0
890
746
0
167
932
0
0
0
0
0
0
0
704
0
997
0
781
283
858
0
310
552
0
999
0
434
780
0
159
0
929
724
0
0
0
570
0
0
0
539
0
587
0
0
924
142
962
929
949
976
425
107
0
756
804
371
507
777
0
103
227
82
0
0
310
902
0
171
0
0
0
651
0
350
0
484
580
0
0
805
0
924
1000
434
0
0
0
589
0
0
0
0
0
967
0
917
985
923
375
448
0
597
0
0
66
454
0
25
0
925
0
275
83
600
596
568
856
0
0
0
0
0
312
0
702
859
0
134
0
0
463
430
0
0
0
0
820
0
625
0
225
0
619
811
606
173
0
548
383
0
0
951
0
0
0
597
0
0
0
0
0
457
603
0
964
282
0
92
521
0
988
0
647
0
0
971
0
0
641
322
0
670
0
0
37
528
0
366
0
0
0
0
573
854
0
310
0
71
266
602
0
0
458
922
0
440
470
544
0
33
168
0
0
0
0
0
808
30
0
282
0
0
0
15
0
0
558
933
0
182
0
422
0
504
0
326
0
656
0
533
0
415
287
194
208
0
893
33
0
0
689
0
0
679
359
634
0
743
228
494
96
577
0
0
0
408
0
569
0
615
0
0
340
372
249
0
0
247
685
0
35
681
631
918
