9044
5628
6171
4700
6661
6615
3905
3965
2275
5204
3168
7452
2791
8826
6993
2330
533
477
3932
8177
81
8831
2496
8538
1359
3392
4931
7373
5587
2307
4575
8835
3595
4649
8557
8044
2049
1911
3991
7775
2804
903
948
1086
2991
6920
3987
2346
1242
8639
6209
6860
7769
4060
5332
4781
6345
2268
4343
4798
2009
4414
8446
3698
8450
3311
4596
6378
6979
5765
8718
2763
2325
4252
7413
3918
1558
1574
3800
6403
7107
6527
4996
2833
7692
2814
3075
8196
5986
1640
235
3375
5089
5250
3390
4764
2256
5254
944
429
8640
8155
236
824
3387
3272
1648
3077
1288
5904
6754
5063
7299
3857
7377
3941
5710
7548
7140
6809
4055
8370
1031
574
3884
8455
6650
2831
463
8377
8838
830
5969
788
651
3332
6055
5722
3243
4391
528
581
901
1645
3985
7490
2282
5070
7089
4786
660
3834
3010
5835
3294
3760
7113
1385
2385
7958
6852
2328
2329
5755
1791
2882
1198
3372
6331
2768
8461
3983
1823
5645
2670
1135
2070
1781
8963
8947
5859
7544
4851
5899
4003
7831
8011
6957
1357
7014
1352
8262
8181
4927
152
7752
6420
2764
410
7051
5107
5898
8786
6728
1601
4516
5419
2184
1974
5519
1320
2488
7338
862
3892
2571
8137
2624
8619
7272
7233
6257
6856
2015
7493
8833
4271
250
1939
5553
8014
2570
745
8909
3064
5824
4445
7844
4016
217
406
7422
4399
1297
7367
2662
484
6711
3346
82
3774
7077
219
8046
4684
653
6071
467
1185
8605
4733
3783
1249
1944
5659
1789
1530
5535
6015
1301
1775
7135
7710
6310
1712
1784
1098
2326
523
6857
1090
8384
8711
7564
2020
3419
5799
2196
3171
5564
6652
5351
7744
7683
7237
4836
6530
7696
1666
981
2200
6522
4898
3310
5786
8794
1193
4813
1283
3308
5158
2324
680
6433
2737
1490
4266
5946
2747
298
2255
8905
7231
518
4381
7996
7628
6807
4933
4135
8490
8768
4314
2955
6037
6484
6225
2066
3968
7128
8875
2108
6676
6963
8298
857
5046
5501
3876
6905
5016
4083
4905
2591
3370
1969
1023
215
2211
1908
4773
8191
4304
49
3649
1407
4917
891
6221
8849
1966
7881
552
6537
569
3851
1657
6553
4110
7913
8292
763
7234
5730
4955
6727
966
1788
5896
2595
4828
8350
849
8575
2972
1890
8336
5273
6097
1845
7434
4754
7927
5994
461
4747
4394
6206
468
4018
3723
3733
6383
8502
971
8150
296
3038
8038
164
6392
3473
5821
1764
2967
2353
8740
8813
4736
2212
9017
3460
8282
4479
6215
6604
983
7928
5169
4077
8692
407
5177
8982
6344
131
817
297
6589
2127
8634
1676
4019
7585
5428
7632
895
2228
4138
6363
2918
6101
7852
2539
5080
5175
8079
6457
3136
5356
8286
6343
312
1900
5322
6761
1217
7516
2197
7176
4480
5327
3078
2195
748
7811
7149
6694
671
1358
1207
4427
3402
5672
2629
8139
4215
7435
4362
6784
4657
652
1199
2927
1169
4291
2723
575
6569
4556
449
485
6116
2547
5987
7295
7081
4071
2778
3512
3685
5791
7281
4173
6154
2095
7154
5424
4056
5618
1807
4111
1523
4774
2777
5188
8548
8300
4248
3502
572
4918
5183
5552
2087
3778
8802
7503
4403
3862
1717
4337
4552
8247
2359
2453
4744
6275
7291
6614
5855
536
7039
3690
7521
8934
1678
5054
121
972
5822
4178
5223
6600
1620
1582
5466
4059
321
7865
952
2528
6070
4045
3066
251
7776
7075
5893
2360
5975
512
8168
3547
7915
8842
8479
5395
2757
2607
1133
990
7162
2961
6181
7438
255
2002
1766
4051
5197
3872
3993
5290
7701
1356
2044
4713
6844
4462
837
3046
8933
3608
1048
5667
2711
383
323
166
7091
7987
5201
2653
151
2145
6665
6565
4015
2068
3945
3982
5619
6117
7530
8999
4028
1946
2230
6029
281
5116
6130
8087
2111
7889
1088
4663
5187
5806
2856
6068
5941
1250
5942
6353
4353
1194
6811
2392
3149
1430
832
1176
4046
3043
8994
3160
451
3866
8143
7431
2555
4200
3522
7633
7047
4858
6243
6280
8325
4364
2146
1696
3645
4192
4344
1375
8470
1918
6956
6873
7611
1588
4186
5038
1197
8448
8864
5173
5807
4429
5008
8792
2964
7322
3130
2474
2983
726
3186
2594
8884
8996
7342
674
7619
4759
8680
8601
5138
8491
7203
3458
8752
8765
5430
8075
7366
2739
8726
8388
715
2451
3796
9000
7807
1609
203
8310
8856
3330
6295
6666
2780
2486
5874
3926
2907
5455
2564
376
8319
8614
1916
5288
7717
5930
5192
4803
4934
8362
387
2523
816
3039
5049
2032
6444
7813
3849
7057
7019
7631
4237
2773
747
3129
2372
1447
7578
6476
8483
6747
5078
3441
3628
2029
2680
6414
656
7912
6529
5512
4606
3730
8516
8208
4972
1725
3225
3586
4678
5966
4631
869
2238
8060
2441
2842
8816
3974
530
3187
190
8145
3817
1801
7630
7384
601
5884
7774
2203
8642
5846
5242
7709
1162
377
6126
5411
4257
7440
2405
8408
6161
3354
6266
5450
1241
420
3621
3452
4443
1668
2462
5678
8059
8112
6079
6585
1032
7189
8518
5823
1257
3632
7668
7930
5451
212
6931
6255
5926
8053
5141
3934
1932
3971
6069
2787
2638
634
3706
6824
448
5747
7847
2977
8597
7814
4122
3021
5026
8651
5257
6657
5435
4134
6382
1472
2947
4282
1175
2559
2988
3463
5477
6330
6396
774
187
6958
6863
7989
6270
4679
8320
2397
3467
2094
1400
8997
3114
607
8968
7266
6991
8097
3182
2046
4468
3821
6036
8874
1307
3422
6907
6060
3491
3309
8369
4041
2640
7215
6077
1313
3861
2960
2792
4716
1813
6467
3501
3036
1690
8127
2871
746
6404
7639
2030
1325
2429
5362
7894
7223
3888
1542
2485
7439
2519
8860
599
6088
8429
3845
8551
2351
4379
7832
5229
5633
3085
6938
42
7675
2
6374
619
7155
3099
5991
5677
542
3239
1033
4368
3184
7119
2839
8498
1785
8890
1589
7676
7417
914
5562
3177
4299
767
7718
7954
5800
3930
3705
5244
693
4840
3428
5129
7592
5509
8078
2370
5463
6466
6961
7740
6486
8654
6725
1166
2599
7100
1817
3180
173
5544
7823
8678
4579
8667
2393
3521
14
1693
6193
2954
6699
5336
7907
7534
4731
8047
4702
4286
997
2215
4845
2174
475
8702
8704
4696
7781
6356
4255
1821
8841
6251
5803
6765
5948
1537
8800
4300
411
624
8627
2471
7561
8529
2183
3770
6244
2981
2848
1927
8314
3903
8754
8209
8753
3126
8893
5111
724
1728
7290
5522
2417
7906
8617
8301
441
4643
7323
1778
2963
4504
402
4788
4419
4117
2033
1507
5132
7390
3612
2746
2298
7543
8736
5669
2774
6175
3147
8273
711
4683
4164
3742
5291
1346
237
1905
6893
3813
6952
3162
8936
579
2024
865
1943
3896
8992
1055
7401
6061
7616
5882
2089
3606
2276
4105
6094
1506
4801
2832
8844
718
2122
350
8980
5612
6718
5277
4639
2896
505
625
3721
6504
8827
3255
8505
6918
1682
1059
6298
3511
4197
6234
6315
6340
810
5705
4336
218
8590
4818
4410
3544
2377
7966
8303
5594
6649
6440
5819
4149
8880
4652
6559
1429
276
3427
7870
4980
735
1517
6162
8476
2584
7735
6281
6740
600
6636
3684
8594
664
2279
3248
887
397
5181
960
7012
8755
3622
8988
4634
5568
2366
1291
7449
8100
5794
8415
5412
3242
6794
3746
4832
3088
1457
7018
3654
886
4154
5397
6328
4367
4295
470
8787
5012
8589
6713
5581
4607
3459
8746
1388
2464
3940
2890
8998
3042
2391
1123
8966
7725
5282
7545
5790
224
5371
7761
1652
853
2944
3314
2424
74
1466
2416
6864
2458
5092
4964
5093
2908
5511
1547
7115
3644
784
98
8178
6490
2589
4517
798
396
6173
1625
3952
1723
3018
1107
5965
7310
283
5585
514
4232
1973
7766
1910
6603
1704
8812
6954
6427
1251
1315
1551
273
6164
6749
64
2365
3030
6093
3820
2278
7637
2816
811
3651
6031
87
1862
6997
7804
2700
3247
2877
6190
355
8658
4911
5858
5331
2687
8094
8414
5314
6018
128
1001
1953
7381
5985
2209
8801
8819
4442
3699
5693
2883
5011
2446
4123
2891
4349
4753
4514
5547
2004
7997
1722
126
1593
437
1125
1688
2845
1399
52
4778
4033
3352
4477
8666
609
2553
2426
4223
5644
136
5350
779
4499
4494
8204
7794
4999
8986
3810
2946
1408
1583
8163
3327
3734
2587
1413
6767
1460
2513
6645
8012
589
5631
806
6160
7910
5655
5810
3086
6655
2149
6133
8426
5391
3589
6673
7078
8466
4333
2557
179
3878
3594
6269
5804
4806
1391
6793
6462
2387
6057
6881
8187
4159
1275
7868
2735
4152
4904
1479
2349
393
580
3771
466
8157
3486
6976
8306
5422
8776
3214
3558
2727
2208
2465
7216
3722
8302
6034
4182
1891
3080
509
7557
1736
8515
5119
5759
2561
4909
9006
6717
3978
2082
4407
3362
4431
3735
4531
1009
4995
8125
5611
4
8895
7172
2019
8070
8762
4695
8106
8937
1272
6430
2079
249
4694
4789
8447
6104
427
8795
1814
1160
2160
6124
1459
3104
1117
3969
3032
1224
5596
7652
6442
2418
2879
999
3007
1456
803
2482
5385
1084
4242
8854
8142
8162
6400
8676
4024
1045
8339
7328
66
2378
9024
5487
213
2345
5758
7858
1999
5376
7040
2649
5831
3097
6346
5105
123
7634
688
4157
8056
8480
8587
1353
2509
1914
3938
661
3484
5617
3280
1805
5867
1252
8684
3279
5922
3141
7085
5117
3961
8354
6252
5237
7447
5461
2978
5907
4371
7453
5364
5909
3238
4907
4554
8169
595
2654
1556
8772
5285
716
8064
1961
8
6602
2065
335
752
7175
7471
2003
1017
162
3549
3846
3999
7614
7563
4250
3844
2957
5421
6942
4106
130
1266
6235
5582
2979
5545
3164
3442
7398
1487
7318
1143
8784
8098
1278
431
6904
3534
5788
6626
565
2007
5616
2274
8888
4053
2355
3022
6329
683
3071
479
3157
5551
5571
691
4191
6448
4565
2516
1039
5303
8072
3449
7934
3919
3904
7460
1232
1370
6515
2709
7980
958
8080
8887
2403
4240
5231
7584
459
1857
4330
4417
537
5486
7835
4014
647
7374
8217
1285
4217
2504
6238
6046
5703
3405
282
5275
5219
8830
8453
4997
929
2363
7722
8009
5760
5883
1941
4099
6667
1121
1967
6387
4728
676
5793
3585
6738
4953
2592
6698
4039
6128
6837
566
5717
5452
7788
6231
1148
1603
88
4660
4116
2210
6355
8424
1208
3954
7177
3131
8593
4624
959
3318
4861
5712
2865
5167
5844
2333
1824
632
8920
5193
841
3839
6930
3571
4473
1962
6317
6595
3996
7049
6253
4991
8363
5370
7017
1153
7513
6551
4208
1559
1738
2473
4654
3169
1155
6341
6179
1049
2614
3250
6213
2138
3374
6140
549
3754
5045
5354
7649
6848
8549
6835
3193
7730
8622
8626
1951
7106
7365
3902
7283
3001
704
5491
3202
6151
4458
353
2569
6816
5195
5067
4687
2885
4559
5380
6092
2232
4842
4539
1743
1438
1977
1570
8941
3567
5978
1638
8343
6468
5140
2767
4544
5358
5320
2753
5737
1477
6982
3840
2302
198
8570
4092
5324
3535
1763
3906
5393
1082
1937
5932
7601
2597
6386
7200
1684
7720
275
8675
4169
5439
5449
4385
279
8616
6405
1366
1380
3923
1535
4189
1499
2870
4187
7992
2973
7171
543
6027
1443
5128
4523
7514
5989
5413
7480
1513
4454
7771
3573
3471
6851
8471
6276
7699
4775
973
229
4824
3559
8534
3444
6322
7935
8422
6146
5603
1661
3809
6741
3342
7426
7565
3836
7131
1758
2309
8248
7646
6770
8260
5928
2616
4358
5019
5272
8764
5496
2413
5541
4004
6633
2788
6351
4170
8330
7404
3825
1078
8102
4121
6888
317
8558
7400
1221
2692
3357
8965
8817
1695
7187
8179
6271
7500
9037
6488
1369
1505
44
7250
234
7348
8485
7088
1319
1901
4864
3648
2632
2985
3430
2694
5352
3833
6773
1405
4278
2679
1853
3854
8677
2615
5221
8484
1139
1697
2266
7925
5208
4363
336
6998
6248
3495
3297
8868
5789
1280
2669
6853
2656
962
1302
4510
230
4228
2045
1127
209
5440
8928
68
850
1377
2507
8993
1290
7227
3320
1450
1503
2110
1397
2312
2755
970
4150
6915
3958
4704
2726
5529
1836
5247
8353
8088
1631
1519
6163
4717
6758
1714
2975
5056
6563
1957
5234
7816
7547
8091
2802
4329
1979
4553
557
111
7679
2562
1841
8066
2264
3448
1368
4370
216
6375
7211
2681
2545
7955
1581
1264
7559
1422
4952
2466
8748
3061
878
6112
6043
4800
4571
7347
5094
1011
6035
3351
54
7008
2693
920
4644
7475
3642
3890
474
1136
1063
3856
2181
1991
2194
6780
8881
1700
4067
1883
5830
7344
5426
5253
7298
6531
7917
8175
4352
2916
5563
8635
7427
5947
2775
7820
3013
780
4947
559
2930
3764
4000
7399
3728
5448
2437
690
9023
6134
5495
510
1051
5401
3132
100
456
4921
1215
2350
7812
8296
1782
6247
950
6095
2529
7352
8297
8003
1787
7968
5489
4405
6099
5258
2676
871
2369
1732
4956
5407
99
1748
8031
1274
2799
6874
8257
8824
1940
9029
1083
4487
182
4188
5283
6421
4066
2665
2969
6158
882
4985
7978
34
898
5686
790
5579
8657
8929
2818
5057
3901
8580
2749
5058
2073
6702
6159
2296
8542
1013
2566
6660
1835
8197
4102
1254
5330
5036
1046
153
4098
4452
8123
4838
3873
6087
8371
5127
5164
2844
2327
1323
3142
8661
6237
6618
2071
503
8462
9009
4276
1435
4862
4812
7104
8067
4506
3274
6373
1635
3170
1317
2000
6114
4562
4181
1206
6410
7617
3731
2515
5984
5639
3181
5065
4674
5640
8598
8285
5383
300
6250
8167
4593
7248
7622
6609
8413
4739
7931
6880
1884
592
9036
793
3154
8132
7036
5699
2295
1475
7943
4573
2173
8793
5037
4318
1116
8659
6706
2226
4296
2048
2124
7802
5783
4085
7483
2712
4721
313
5473
1105
550
7670
6779
1864
4109
7320
3190
4488
6847
1205
8611
1575
2294
2666
5950
2659
8111
5597
6763
4915
3619
5467
2016
8226
6123
2318
4287
6701
8945
5726
2237
6366
7666
2623
2118
6147
2277
1699
8921
5598
4656
8442
1881
2620
6507
8411
696
5580
1618
5745
5635
5983
8714
7519
8730
3908
3803
7086
3787
2001
1541
7448
2340
4214
1894
8400
577
6395
5933
1233
3894
7143
2803
8116
7853
4600
872
2530
5534
4125
8020
8391
5816
8749
7727
6751
2959
6223
649
4037
8751
6808
2241
1029
6720
8911
1432
1038
5123
2661
1348
4860
4377
7274
4936
8724
2716
3867
1112
8457
6127
4469
4981
5767
1711
1879
2430
3496
3307
3056
8233
53
7225
8956
4245
4563
2245
5113
7863
2793
5560
4879
260
4430
2942
6755
308
7882
382
4497
2996
473
3874
6547
5881
1449
5913
7121
5502
7736
6401
1042
701
8213
211
5249
2172
6605
8095
3385
7535
5977
7092
3801
1245
5604
5156
892
8468
7859
6286
4193
1626
6581
524
6453
3602
4970
1276
3209
6415
7286
6679
5010
782
5136
3381
502
7164
8284
2826
1521
8312
644
119
8110
4957
4267
2091
5239
341
248
1555
1094
16
4960
6664
3163
3299
3273
744
3927
1550
6535
846
7123
5779
8051
4727
7484
7146
8140
7647
8810
293
5388
2912
272
4341
2484
1632
8440
7864
5052
5100
6216
5317
5443
6719
7596
3251
7429
3379
2635
4848
1651
3529
8398
945
1110
7459
76
5345
9010
1428
5194
963
7546
5761
7333
1642
5557
8775
3671
6914
8192
1818
169
743
75
8403
4763
8910
8210
1050
378
5171
8545
1963
4428
7642
1873
6882
1986
4550
6933
879
8254
6376
6075
3222
2878
4983
4581
2412
2915
2148
9016
17
6196
7760
59
7671
2265
4455
7120
6817
3027
2185
802
8686
6590
2550
7101
9040
8170
2348
4817
2704
4075
5752
374
4448
3100
3231
755
4899
1270
8607
8194
2080
4450
8803
4669
6347
515
7938
7165
8847
3615
4086
265
5589
6514
447
1501
638
7034
8655
3328
5480
4421
1931
702
8522
6074
1390
8048
713
3040
5392
8459
6574
2613
4989
7393
1147
4348
3720
5462
8475
4745
28
3437
3747
3118
1386
8013
3004
3431
8531
5808
641
1828
1114
6176
7273
5459
6232
558
2411
2849
4878
8506
8331
1820
4290
739
7407
2452
6656
2444
1996
3610
2658
4049
5126
5143
5471
7539
37
5497
6110
2300
6871
6090
4594
6149
2193
6775
8223
2060
5162
8978
8615
4288
8033
6571
8722
3637
311
1293
8010
8005
6291
2017
5924
5847
4308
2220
4327
6261
5952
8093
3023
8585
2886
7117
831
5833
4583
5559
3324
2738
5478
3737
3116
4317
8107
5213
1933
2222
328
1292
5601
2941
6753
3552
7467
3044
7294
4072
6975
8808
7163
5083
12
8779
8374
3226
5349
222
5931
4030
7361
2206
110
4206
202
6334
3843
3265
7792
7383
159
9003
23
7066
6884
3006
4513
1071
3258
3174
7048
6501
8582
453
294
5082
5137
1345
3909
7524
1376
8231
7529
8618
3780
1240
4765
7268
6525
6707
2414
7454
6806
5101
8807
1203
7455
5940
7909
4834
8628
3188
7723
7733
3414
6369
7508
6452
7984
732
3269
7854
8383
2945
1298
3060
8900
760
4968
4578
4636
1235
6349
8967
5843
6434
7627
3936
1395
7703
568
4661
7388
6142
5378
238
7031
1892
4495
8279
4707
8256
5675
1340
8207
4686
2724
1177
7358
8588
8883
4180
7028
8797
7161
8274
7641
3093
7526
2459
5771
4002
6474
6470
7665
2119
4785
2235
3425
5299
8940
8559
7478
4529
7082
6608
3159
1842
8952
7607
4613
3772
7918
1617
7916
3921
5151
3355
8043
3092
4501
7570
3738
6436
4331
5274
8815
3290
3879
4177
6038
8708
6139
3363
583
4587
67
6380
4637
4877
6803
5013
5302
4735
1672
935
2112
2858
6059
5918
2867
777
96
4641
2310
4356
8532
4492
5870
6939
4218
8333
5017
7640
1786
3388
1231
6214
2921
3364
5217
2811
551
4977
3167
8973
6654
5629
7261
2023
7380
7408
2682
108
5615
3626
7798
8153
6538
6944
612
1106
5691
511
1431
1647
367
2400
1467
2889
3765
4935
2710
8624
7145
5661
285
6704
7791
2292
8567
1072
2443
6965
4366
1643
5917
4627
3933
2494
7173
6549
756
1860
4609
5329
3278
540
2472
4691
3692
3931
918
8152
6489
9005
4064
6940
6752
5762
4826
5442
3316
8782
4511
7762
3557
594
5109
7314
7848
8944
8376
7933
6274
8148
7418
6089
2926
7245
1674
4424
5805
6916
6030
2535
7758
2855
987
7623
3117
3153
8645
372
940
1015
6601
650
5954
2433
8581
8915
4310
8474
7420
5634
7244
7845
3822
3410
2431
8508
2922
4618
2308
8907
7021
7465
3663
258
6105
4129
1752
8840
178
1527
5434
4485
1282
7839
856
4315
3805
1056
5340
7217
7167
5076
985
3158
8555
1936
8434
8625
620
4247
3384
4260
8390
6542
5515
7874
4359
7296
3776
9011
7986
8465
3691
1064
4948
4938
3652
4301
205
1360
1545
4281
3002
4347
6138
7689
3960
3289
2846
4137
414
4604
5777
6923
3581
3466
6518
7732
1709
3882
8280
2180
8899
7363
2828
259
4312
5708
2531
7421
4589
5215
2106
8287
3213
4522
6733
7116
3052
1920
8237
7504
354
6157
8337
8544
7743
8904
6693
4881
7779
5404
7391
1464
6948
5072
3145
6896
8185
1115
5079
4843
6496
1132
8950
189
5902
5382
4146
1838
4246
5570
4592
545
6482
1576
30
246
7267
5437
5854
5992
5600
1504
1970
7952
7190
5885
1043
2176
114
6951
69
7071
7660
582
3877
4920
1557
1401
4148
2897
6441
2156
5494
7650
2919
6020
5735
62
666
6964
1334
1924
6305
8811
2301
1903
1959
5937
3084
149
2859
3719
2672
7715
7765
2251
6887
2247
6521
6023
6591
8184
1594
6672
2646
7697
385
525
615
5959
2422
2861
5032
712
112
8045
7469
4108
8338
7836
8382
507
3630
4503
8524
4369
5825
469
1182
5707
7825
61
923
4434
8623
370
7876
6769
5267
6737
6407
430
670
8770
4325
8103
4611
5334
5588
4238
5979
2342
6198
2931
5050
7960
7307
6689
1802
8885
4822
4338
6690
6145
5742
5366
8510
6635
6136
4738
5871
6675
8976
493
4021
4422
722
6492
6045
5458
835
8404
3560
6575
8146
4298
946
6066
1441
8512
7477
1065
8690
8865
2671
719
8427
7000
231
6062
2154
4275
5344
7090
2819
489
8878
1540
3306
3034
5673
3281
4069
6446
1538
7552
5774
4078
3700
457
2633
7571
2637
2526
2729
3568
6267
989
5073
2121
2259
5651
8421
7948
6831
8788
7127
2810
2717
7523
4095
3230
7805
3284
6714
994
3917
924
1306
7350
3219
6996
6335
9041
2537
2219
6169
695
5436
1673
4959
2706
8925
6332
833
348
1851
818
1263
7540
188
8892
4893
5650
912
1848
4500
4814
3670
6526
5148
1335
7395
2647
4447
2380
8918
3125
2031
1416
7658
7855
6729
6014
7287
8198
5613
2495
4590
1053
1142
975
5228
4412
6047
1735
5025
5104
7528
1286
6367
8266
5027
4847
4239
3564
8329
5416
7153
5359
5031
7773
2812
134
1578
4833
4688
6935
2321
2434
1964
6710
51
860
1706
8606
3453
6821
8431
7224
5919
1171
3252
7094
6580
4815
597
5868
2731
1488
6327
3976
4856
6240
2410
5851
554
306
1569
3990
5044
5074
2868
4926
1044
371
7264
2192
1442
1949
9030
4224
5022
4602
5866
426
1216
7054
7750
4162
773
4265
5900
6359
7456
675
1002
8959
3643
6502
8315
7198
8536
4324
7908
1843
6242
8115
5438
6228
8467
3885
926
6639
2454
4681
3525
706
4376
6300
6210
3613
627
7222
881
768
4714
813
7199
3477
2286
1020
6587
4802
9019
2320
3478
8705
6745
5802
5934
7279
9015
4251
2677
8348
2468
1615
1465
7662
897
3647
2151
2490
9035
1374
2750
1877
4647
6768
6293
464
3450
434
8673
4767
8407
324
8564
1641
3650
4697
1230
3937
7259
907
5614
6629
7655
4345
1035
7651
6901
654
1179
2201
5865
2159
7900
3509
6102
6836
4820
4425
4101
4723
338
3947
1154
8608
8026
762
3504
1446
6968
8345
3454
3506
6641
2521
8085
5185
2101
7942
7402
2109
6258
2940
925
2335
5108
6336
3137
6622
5179
5754
95
3254
8288
1907
3208
2603
5243
3288
1227
2923
4823
7967
877
2396
4890
7797
8668
1200
7168
2120
4984
8089
3789
4384
4048
4551
1849
4974
3828
605
3500
521
8361
3543
7687
8138
6788
7983
4475
7961
8472
4962
3957
6073
1549
7466
2583
1915
3057
8535
7573
7749
979
928
922
3400
6236
3492
2924
2994
2917
1451
2137
727
3295
4226
7896
4572
7994
2243
3409
2336
2932
6443
2273
2786
5503
5643
4118
4446
761
2910
6311
289
3841
2678
6195
7685
951
3541
7598
902
4969
8777
679
943
6435
8263
4334
4742
3791
8495
2054
337
4277
7897
8509
3962
3799
1912
7271
3989
3953
2461
8912
8527
1610
2563
4598
1294
2701
3518
2113
6412
7284
4309
6042
373
1265
2999
8261
4207
645
6
2014
7157
2989
3185
736
7103
721
2067
8679
5118
8283
6577
991
4967
799
491
3818
5964
4633
6017
7972
1186
7150
6712
6178
1134
6245
919
2520
5005
7142
681
3144
6460
3333
8299
1858
7982
3233
1452
6080
5856
6026
584
8732
454
8896
6471
6983
5398
6065
4740
2114
4782
423
6103
3883
6108
1164
8034
90
8683
4588
7613
3865
610
3356
9043
4811
4070
6447
33
8360
8402
5543
4978
1637
1780
8935
3227
3693
3298
4673
5165
4143
5071
5014
3709
8449
3669
3808
4342
2527
5778
3101
1861
3499
6365
8327
8737
6455
1418
450
6859
3790
3216
8649
3009
6287
2743
6782
3420
1715
4263
208
4732
175
1621
5207
7331
8533
775
4718
4734
8322
7574
684
7340
4190
2807
394
6544
7757
1130
4261
7410
1869
5827
8781
5670
5337
4512
2514
4961
772
1837
7002
8648
4216
5077
8804
369
4793
3404
822
934
2657
8771
3858
4521
3600
1675
11
8789
637
1701
6634
7880
460
5479
3551
1904
5872
7522
4156
7341
295
1876
6913
5525
3172
567
3051
5731
1952
1223
8825
331
5235
4538
2284
490
4582
4305
5381
3948
3899
38
1187
1793
2543
3423
1653
954
2198
3072
7977
4472
6841
4400
1834
8324
6013
3469
2790
7441
3340
7126
8396
5020
3967
2643
4155
7941
8867
1189
5654
6318
7498
5662
2560
5505
6297
2784
2631
858
403
7450
8689
2011
2144
7608
8171
183
2248
7837
2903
200
1692
1260
7785
6776
7747
333
5781
3199
3113
2081
325
443
6131
6454
7973
1888
1694
4396
8664
9002
2303
3749
2970
2567
6628
2619
5000
4805
4835
5047
2751
2357
3503
7593
253
7568
7260
6630
2939
3711
332
8022
1181
6316
8394
8242
5951
8507
1993
2239
6632
7280
2258
1592
257
1104
3349
425
5953
7520
3537
6564
6461
5261
446
3133
2655
6153
347
4610
6960
7731
5521
6053
242
7518
488
6056
5729
6912
2078
6723
4846
5069
1061
6137
1612
6320
5549
2399
6086
3325
2974
3694
7492
6390
4490
7228
1381
127
2439
1983
8850
1030
1331
8882
8063
7148
5828
8550
330
6081
2880
754
7027
8783
2721
6050
4667
7487
6191
2952
3394
7579
4466
55
3635
8695
4939
5029
3229
8355
7741
1261
4321
1544
8547
3806
3287
6736
8230
1568
2063
3331
4034
2041
3757
1847
8114
4749
1713
362
5595
177
4625
885
6277
3206
5400
8501
1923
4541
3191
3146
3277
7258
5269
7220
1403
7010
1727
6177
4505
3837
7479
7572
6303
8493
2936
7759
3068
900
80
7729
8228
6539
8839
8029
5723
5980
1571
6533
6204
3875
4012
3582
3946
852
867
1183
2368
7151
8486
5035
3407
7144
823
4912
7883
855
4557
5170
7205
8632
986
6750
7444
7621
1437
3717
4703
4161
6122
6180
8859
8898
20
4020
5836
4131
1934
9042
8430
976
4230
7254
2040
8894
3661
8908
8750
1895
602
6927
8863
6021
7317
1930
791
4560
417
4949
7777
8385
3662
7288
261
1716
2406
4467
1332
419
6624
1006
5279
3860
4220
1811
7241
1770
1665
6967
7
2834
8019
343
8052
5099
9032
7129
8876
7609
4676
5190
7684
1096
6789
7371
2008
3870
3682
4537
2189
1885
6897
5457
1025
838
2381
492
7884
3716
720
593
4221
1832
4087
3447
6437
590
4577
6796
673
7345
1520
2558
1689
4457
1350
1192
280
6917
3105
221
4141
7141
606
6011
4249
6638
5963
4437
2440
2698
6995
7257
6325
274
7721
3674
7125
6485
147
1191
3005
6731
8719
3995
8216
3795
2084
5623
8674
5441
1157
3715
4409
8451
4874
4549
71
6254
4711
1769
3253
4273
4476
2905
8199
6338
7745
2035
2231
5668
8221
2578
3196
7097
7179
2428
2493
7368
7392
7581
5305
6361
7419
3729
5125
668
3257
1867
7372
2837
4737
1158
3907
5531
7827
2772
47
8938
899
5251
7037
7488
7265
7016
8922
7693
1846
2379
544
3695
1310
4042
5355
2384
6388
3532
4819
8488
6389
3317
483
3657
7206
2860
2976
386
6716
3550
5085
8418
2322
1856
4626
5446
4601
939
3949
3714
4617
5159
2508
5653
452
2499
7376
70
7430
4478
2253
3059
5982
5971
9044
8387
6084
2168
65
7308
556
4883
2252
7625
1524
106
5749
6308
6314
4973
3922
7818
392
1561
1268
440
5161
8697
8428
3924
6621
6827
4340
7618
2951
1434
2794
5470
2242
7182
8660
7768
3679
3752
4569
3455
7158
6969
3173
2026
2761
663
6946
6828
2913
3134
1128
1975
6487
6172
2756
1028
1347
1259
2288
1111
6885
8229
516
708
4068
3678
7698
5720
3335
5318
4460
4632
5276
7022
561
267
4463
5785
657
800
4795
4865
8975
3667
5826
2722
494
6429
6669
1258
2432
4746
1906
6135
3702
6582
5338
6239
2966
5453
7682
1705
398
4374
5736
6663
195
4994
1019
1839
7532
7767
3804
3246
5680
8979
5574
3793
3598
4423
870
8914
5602
6058
3165
3221
3576
3008
6439
2840
3984
4670
4536
4013
2604
646
978
8584
6184
5956
8681
2354
1830
496
930
4026
2217
3718
7387
5307
6594
7914
573
2244
3855
2204
4951
3763
7270
2740
7080
1972
906
3561
2246
5220
7474
150
6877
6333
4709
5695
1222
8082
8077
4567
7700
6540
5809
4698
7550
1553
8761
6781
5725
2835
5880
8025
8042
8317
5142
7713
6949
8268
7678
8215
2421
1794
1478
2291
5296
8682
243
4558
5815
5226
6481
2997
2374
6643
6953
4946
8707
8785
7636
1371
8552
1749
3640
471
6570
7510
6510
404
2337
3359
7878
1012
8423
4720
6642
4597
2069
5209
4884
5901
7558
5284
4326
8293
3832
4168
6364
8647
3070
1018
8222
5524
2610
2012
6052
4837
1057
8848
2036
3360
7499
5328
8780
2289
3540
8670
2990
8105
363
6677
1010
797
482
5323
3237
6815
4870
7800
3124
1463
6288
5476
2579
2497
35
792
6009
7778
1462
2568
7538
197
8372
4780
2820
2167
7780
7556
4294
2612
1495
6651
6010
7661
6730
7437
6840
4203
2025
3123
4910
1755
102
340
6708
8954
2881
3096
7130
359
1489
868
1496
2092
3234
2950
6220
608
1691
6082
4919
4895
1097
714
6546
7357
6644
60
8027
4756
7060
424
1387
7663
8277
3545
4827
984
840
6891
7416
4139
2874
3935
6229
5465
4010
2686
6201
3025
992
4638
3240
3950
8496
4971
206
5638
5776
734
3782
7428
8144
1685
6620
560
2492
4829
6339
3017
2498
3393
3607
6548
6978
1826
4438
6588
5665
5024
5546
8798
6497
8239
8870
6422
974
8687
9008
4094
5555
4244
8365
1719
2331
7583
2053
3058
8358
4944
8028
7351
1339
8249
2098
4227
7838
5701
7620
5718
3683
1554
1229
5627
3797
4528
2057
4126
6022
5660
1670
6302
2838
4532
8392
4841
5711
6785
6560
6072
8435
6033
1253
3303
6556
1060
4365
2904
8389
5155
1414
6838
1289
4990
728
7052
4354
7995
7147
5998
3197
5938
3389
6928
1378
5361
7680
8725
2644
4650
5051
2696
1829
5399
2105
4306
305
4063
5268
8477
8977
5289
7541
1868
6260
4418
4685
3107
1494
6381
8521
5429
1724
2175
6259
5513
5096
5801
2202
6477
478
7569
8252
3112
7070
5743
19
1273
2022
7375
5002
6762
1980
2744
6219
6572
6830
5891
1172
8456
4743
3195
4040
1089
5575
8514
1338
7990
843
8903
4124
6464
8463
807
2407
3531
8837
7795
3681
6505
6866
2104
6449
7643
1256
46
4172
1833
3166
358
5176
1871
7185
3436
4645
5433
1731
2668
3143
2639
7902
7300
1533
5721
4875
1165
1990
4808
7828
3816
812
766
7826
8412
2362
8565
1003
6989
2480
3566
3259
7527
4871
4987
3439
1095
4677
8696
2688
4750
1036
1436
1190
6558
8832
8962
4867
6999
3485
2622
1815
3889
160
357
7667
8129
2165
7669
3508
876
7109
2806
2267
7204
4797
861
6578
635
8131
3292
4555
3745
1219
1596
8379
7688
8351
5415
789
2314
7262
1137
2404
7932
4913
4791
3880
5387
1880
2297
8437
3536
4929
2641
8061
4779
2938
56
1965
1150
4876
5369
7708
3897
5062
7209
4928
7210
4254
3263
5912
3863
6962
389
4393
1314
2911
2006
5061
4889
2576
2949
6025
368
4323
5734
1590
1448
5309
4387
5897
4103
2162
6480
2982
6362
7888
2409
4065
2609
7562
1602
6278
4259
7013
3286
7433
5657
2285
7635
7877
8652
1899
8062
5090
7118
3490
5666
2132
4229
1161
422
3446
138
631
6107
3660
2153
5456
1971
1803
1756
1383
7277
5860
1225
438
3824
8445
8050
303
1531
8147
2850
699
4584
5043
8970
2099
6872
6202
1872
2725
7681
1720
5704
4058
2534
1300
5566
5878
2316
3488
1958
3083
7604
1627
7707
1312
1525
2388
1997
8733
7324
7170
2083
3599
8669
4508
3703
199
1680
7033
6850
269
3260
8205
8924
2517
4011
1562
4963
1239
2703
6777
6721
7586
6445
2481
4444
1567
8049
6911
7334
1081
1109
6348
1721
8596
1113
4648
8086
2352
5895
3673
4435
5389
5814
3482
874
5059
3413
1080
603
7965
2152
7180
2533
3028
4280
3798
7083
6791
2525
3433
1365
8710
4705
5526
455
5468
4119
5326
917
137
1512
476
3802
5888
5876
2577
5172
8738
2824
1308
8008
118
7038
2478
7235
1427
7497
741
3785
6802
7808
3
1948
8500
5081
4096
1341
78
1118
6165
8035
7506
252
2943
8742
4605
4253
7354
266
2935
7922
3704
8227
4264
2133
7446
3098
7181
4080
5184
2436
5853
5312
5738
181
1156
5605
8259
1875
4757
472
7873
5205
7132
5178
3766
4998
1058
5510
2234
6986
4526
6279
8246
8953
1343
487
2332
5796
3156
1744
7830
1299
742
4470
3426
4548
8739
315
1655
6372
2299
4328
8743
640
4270
6819
6312
1572
6726
7045
7719
6617
8729
5763
4954
1296
4184
2129
225
4284
3710
933
7920
896
3596
8851
8511
3396
7360
2261
4335
8202
1491
6823
4038
2651
8016
7511
7726
3672
6203
6586
7566
4380
3334
4599
7337
3842
527
3336
1146
2636
79
334
3553
8081
2745
3583
3033
5333
1149
4635
7472
6001
2720
7178
4564
5139
7232
8316
210
7638
6573
8378
3406
5145
7936
4089
7275
4256
659
4115
5262
8200
564
3975
1226
18
682
4130
8790
5636
1595
8685
6722
6890
6966
8206
7219
4547
7072
6508
834
6115
7213
3489
3264
1173
8006
4179
5003
6566
142
8108
5696
8571
2602
8583
5890
5775
4608
2270
185
8741
3353
2090
8723
3055
2042
1960
5621
2177
180
2572
662
591
2224
6459
8469
6889
6845
1122
3794
4585
4580
3664
1243
93
4392
3416
415
7582
4982
7436
6516
1686
6309
8346
6799
6786
5641
3852
4730
4545
5958
7246
7276
1909
5646
495
109
1954
8121
598
8176
4241
8641
5692
43
749
6426
8069
3689
3391
6974
2674
421
6371
7255
4404
5663
6616
7872
6519
5425
2909
5548
1213
932
8074
7742
3871
3756
1633
6855
6064
8311
8039
3666
4293
6757
193
2822
3753
6869
3451
3646
7068
3087
4768
2477
3520
5750
5405
2338
4205
1069
3792
2305
5135
26
3736
3910
428
3696
2317
1092
1819
8278
787
1406
8540
888
1329
8203
8375
6096
8494
1201
8405
4268
1616
8271
694
4755
8568
4151
7819
3024
8709
4621
5576
4615
4378
3476
7015
2733
8021
4940
5936
1099
5676
8001
9
4432
2590
1284
3000
3176
7074
6423
7382
204
7985
6185
3697
6218
884
4262
4219
8416
391
5039
5939
4474
2249
6929
4850
3339
6292
5841
4629
916
5716
8349
8420
5578
6208
8084
2126
6977
6192
7183
1893
6078
8186
25
8253
6684
2617
947
808
4493
5516
2697
2469
4176
4211
7321
1482
2899
2541
8058
7139
3788
7971
2518
7963
7364
8763
379
7988
5700
1444
7959
6820
3956
8757
2455
5990
240
6800
4498
8631
4612
7411
5607
1956
4748
1922
5508
1486
4891
5
842
4651
6432
6265
418
7600
2758
4534
539
3639
3617
8539
8869
3395
5144
6416
73
2272
3045
165
5147
5500
3438
3343
2929
5719
6419
8948
4868
6285
7824
7230
2971
8109
4807
3283
3480
3300
7505
7886
8543
5817
5517
9001
2925
7748
7229
3997
6592
4777
7389
1889
5409
7901
1656
1144
6413
689
8503
6681
7821
4810
8960
1318
4570
3498
8744
1859
2600
7396
7815
8610
6593
6385
1355
1373
4025
8528
2884
7944
5590
1679
6511
207
8989
1481
1184
2059
2344
5504
2906
5681
7560
6272
7964
4914
6981
2667
7903
8646
1421
1131
232
7706
531
4799
2827
3155
2442
6743
4630
4830
5271
2892
5310
6289
3988
4943
8712
1473
103
3368
2852
7998
7921
6833
7457
3236
8569
316
8957
4809
698
1220
529
4052
4195
8240
758
6304
2116
5626
1271
967
8017
2770
4153
8433
4079
1649
5864
2021
8566
4533
7659
101
6478
5200
8409
7346
8395
7953
3829
4415
6424
2233
7515
5287
4127
6091
3964
7249
1007
1498
686
1458
7763
6625
8099
2052
1041
5403
1947
8244
7829
5997
7067
8862
6870
129
555
2139
2250
7186
4097
998
8517
1799
6006
5530
4945
1485
3973
7531
4993
4231
988
8871
1529
5593
1068
5561
8700
7690
4540
7656
5372
5417
3301
6132
2866
1730
3115
2598
5539
8190
5507
5908
4849
7849
5363
7406
7188
3563
8872
2323
3271
8913
4093
2225
7166
8037
6685
8054
4007
5845
738
8964
8481
2759
1526
771
4664
5520
4225
7686
8926
2771
6517
6567
7654
1774
6829
6186
5536
7866
3864
8525
8000
228
2506
5300
4640
2895
1424
6506
8340
5688
7339
8877
3235
7949
7353
628
1354
3215
2415
4885
7919
1471
1703
6735
665
168
2143
2341
1718
7810
5210
4104
1809
6883
2685
1455
8715
5115
795
6599
5347
2097
4887
6463
8778
629
2077
4005
4729
8526
6520
2808
15
6411
5374
508
2588
7005
270
8417
8769
4932
2221
5852
8454
541
5733
3408
105
3893
7485
7289
7476
5278
8799
2628
2611
5837
7962
8071
1870
5911
2390
5182
2356
3012
8747
5214
1634
8721
2730
5573
5649
6955
6044
4916
4902
757
2463
3807
327
5927
8238
4082
3383
9007
1629
154
7606
124
6631
3470
576
7394
3326
3994
6686
3341
4491
3510
8151
3944
3483
4047
5263
352
4897
7201
6700
2782
6222
161
5368
953
5006
6764
4671
927
7553
2050
5567
7674
2781
5974
7507
6384
2546
4136
1579
570
5133
5474
1246
4361
7536
7087
5365
7095
5304
2128
498
7577
4339
84
3591
4044
5222
7159
7885
956
7020
8076
1140
6323
3468
5088
7905
2254
3775
7756
7716
3481
2605
1580
8120
7595
4525
8759
8174
2752
2998
299
8487
980
8806
1646
3361
6813
5540
5970
2271
4084
241
7704
3979
8158
1022
3656
104
4027
3768
5091
2263
5103
2728
7970
1584
8520
2419
1622
3487
6523
815
4726
1913
642
3750
8366
2038
5768
4100
586
7311
7073
6187
1606
8386
1955
6451
8492
5724
5518
7330
7043
5658
5877
6438
7861
5943
7029
1453
6399
1412
1887
6832
8294
45
1760
2158
8560
7425
5782
2934
6284
8117
349
7567
1079
6898
5929
3773
6613
226
2762
3386
3528
8245
5198
2117
1994
2948
4061
5384
8796
6357
1614
8154
7315
7252
5875
5554
9025
1747
339
8591
6868
3900
4397
2240
4659
7554
6268
6499
8438
1982
3634
6534
7156
3972
4992
2123
7599
5196
2581
6619
2058
7099
3981
3358
7226
1327
5264
3517
4471
3205
8701
6692
3601
6790
6379
7243
1008
1757
2843
8981
7951
520
3121
1393
486
3462
7301
8182
2718
1515
1698
480
4375
1054
1101
3886
3091
5166
8183
7009
6417
2170
1066
7316
4210
48
1605
6321
6503
7979
9028
6005
3562
563
667
2027
4699
687
2361
2684
1474
538
8620
3743
1014
6040
6867
6900
3653
534
2186
184
5757
5041
1067
7612
8504
8513
8995
969
1619
4311
1004
7976
5241
6296
3831
72
6227
3475
4576
6647
3089
1037
3597
3565
7711
5379
3432
8930
3139
4243
5879
794
1470
8927
380
77
3838
4147
291
6155
995
3415
4872
346
6705
6054
1831
9018
8603
2102
5624
6509
5232
1342
2953
7218
8018
6543
1995
5689
5087
3399
3183
3161
7871
8357
6926
5873
8621
1528
3120
4758
5160
2734
8760
6814
7046
6550
7705
3505
4464
6197
1734
7525
3497
2347
3076
435
1469
2652
5713
24
7415
3065
8236
5120
863
6734
2675
7202
2125
2043
7610
4235
1364
2178
6166
2037
7891
3348
4863
3970
1737
1577
7133
5674
4903
725
3296
1810
8313
462
8577
6774
4023
4050
5034
8916
8541
4923
8556
5857
7981
2448
5130
4520
366
8828
3373
6337
2690
3067
2524
2290
7312
2401
7062
7754
977
8399
2853
2262
2713
2157
6121
3959
5203
1795
2902
8393
3618
1546
3815
1103
6683
2257
7305
7007
5212
1564
733
5610
5910
2034
6494
416
8023
2107
1783
2136
1328
2769
5095
6170
264
6908
6524
6188
6409
2076
4762
4642
2928
4766
2707
1484
3079
6766
3569
4519
5532
4307
4816
458
5066
1667
4693
5386
2715
2554
3533
5152
2565
1659
254
8629
1761
1840
1027
4032
6402
7542
5944
8902
8917
2695
5784
5211
5682
1751
1070
5664
8773
8897
3228
875
9034
8758
3951
2205
2830
8990
5968
4591
2627
1687
7063
3016
4213
6450
3943
7313
85
5311
7152
7451
5577
6742
7378
6972
1344
6804
845
7575
2339
314
2010
1124
2064
7195
8323
6760
7238
532
7356
7050
8219
2766
7517
5230
2986
5591
8101
7738
2544
7055
8356
781
8969
1237
6994
8756
7869
271
3323
6118
8159
375
6051
2115
4373
506
1188
3767
4852
4825
5444
3609
5233
7362
630
8829
8489
413
910
7442
1074
3090
6812
144
2213
4212
6200
4272
1604
1662
6695
949
3203
4383
7851
277
5625
5475
2169
6899
6246
585
1522
6290
4496
8818
7737
3293
6085
4752
6354
4482
2476
765
8347
8698
4760
3739
2161
3850
2358
1921
6129
614
894
8663
2596
513
227
3319
400
5732
2875
1790
8439
5260
6120
3398
613
133
7134
5697
1000
2634
3194
4530
3031
8165
481
3041
2135
2965
8951
8630
8359
1180
4113
4413
3082
7653
6342
1248
3069
6106
3189
4196
8344
8814
1363
5294
6016
915
4794
880
770
2760
3377
29
1062
412
6810
3577
864
3445
844
4449
2741
5916
1804
8643
8032
2382
7169
7197
5632
4792
7114
4922
7947
1636
4054
8265
7673
1865
3270
7424
1917
4666
6174
6370
3178
5499
322
5925
6895
1247
6512
5905
499
4174
5174
1461
500
284
3037
4420
5955
7059
5357
3313
1984
7319
170
4194
2542
4724
2304
5490
8972
2166
6183
7023
7302
1279
4979
562
5903
655
3929
1654
848
3014
1896
7840
2765
3321
5464
587
1733
3266
3223
7786
8308
1765
2556
5972
3138
5869
351
8321
8264
3686
1361
7253
10
5353
4653
7058
7285
7712
8592
5218
1677
905
6456
8604
3175
2805
4873
4350
547
8906
1129
2055
3687
3053
7787
4451
8735
4623
4892
658
854
192
4507
3701
2582
6458
5484
139
4586
764
5756
1532
4502
2457
115
6670
395
7044
8889
5256
6687
6263
4855
3620
4772
2088
6119
1392
2171
5702
4958
1874
7207
1683
97
700
705
5748
2522
3911
2538
1776
8161
3590
6756
3411
2548
2825
2343
6627
2795
2683
4091
3095
2280
3638
4459
504
7011
1968
828
6148
2364
5999
3814
5894
4355
1167
5973
8879
2937
3732
4222
4107
4518
6032
7875
4976
3204
8275
4509
4133
5246
1926
7098
1560
8272
5216
8073
4029
4346
8482
8193
6233
5818
5839
3625
384
3688
1269
4158
4751
4090
8406
7850
3542
5485
361
8234
8497
4646
3675
5068
4144
91
526
344
1945
826
5792
961
5097
223
3713
8373
546
4869
7136
3207
936
1174
8767
5569
7746
4655
1762
8235
8119
9031
5832
8030
2214
6532
3094
3658
5292
7061
8122
4821
4031
5772
820
4395
6083
2660
4204
7196
7463
5028
1739
5599
2306
6973
3574
8820
2748
1773
4389
7174
6113
7974
4854
6241
7239
1410
7251
5402
8113
3047
8328
5976
6610
6607
8225
3587
194
2155
1897
6934
5773
821
4081
5795
7969
1277
6211
5923
3338
292
3680
6299
5993
7923
9021
1745
3523
6008
7991
5679
7764
1396
6878
5797
7369
4372
7470
2283
2315
7138
5813
5584
1493
1950
3830
3554
6783
3417
1168
7355
4076
1108
8173
8478
1597
6596
1585
4680
3575
5469
5431
2072
3761
827
8901
3305
6909
3868
6498
4292
1586
7332
1138
6313
7414
6003
4715
8397
4406
4332
5180
8334
623
1938
7772
7926
3916
4725
3003
2836
6984
8002
2699
3887
2980
3631
3472
571
7782
3588
1863
2188
5339
2608
5335
7533
6925
7587
5236
1404
2601
2425
3371
7695
8425
786
408
8586
1367
310
1326
618
5820
6141
3220
3977
439
6959
4140
8214
2801
2894
8499
6391
3026
135
1611
751
4357
409
8309
1792
3786
2714
5286
247
7025
636
8713
290
1349
2785
3401
5706
1005
8460
3106
8258
1476
7590
5319
2449
3548
6640
7890
3345
5583
847
7904
1710
2847
4790
7263
890
8289
8124
5811
8040
4035
5698
4441
4628
5053
7751
5297
3898
3641
3712
1669
2691
7591
8805
8942
7191
6398
4481
63
7208
8130
6111
5084
6568
5863
5346
1372
3440
5227
5514
1234
3811
3848
8665
1613
5848
1141
2229
5420
155
909
3751
6825
6662
5834
5225
796
3748
7473
6282
1878
2984
6557
6947
3456
7790
4761
2013
3605
5647
5122
390
7445
2536
8609
1988
2394
4142
4784
7694
4672
2854
1077
3102
233
2823
5714
7309
3461
2164
3665
4043
7946
8166
6552
1797
8919
3019
1379
6668
8305
5040
7803
4941
2131
1708
942
8318
731
8381
1384
5472
7349
3291
4722
6144
2575
2606
7664
5121
4880
4950
7594
2958
5652
5315
1772
5447
5558
3556
5492
7576
2141
2992
2512
3232
6168
6125
1798
3241
7672
8135
7588
4269
2857
3853
1852
4209
8251
5921
1333
5683
2420
8720
677
2402
1415
7278
2056
1866
6067
8232
6156
2483
519
6579
5741
604
1210
3530
432
692
3636
6797
8195
4708
1768
7214
2736
3593
8243
3434
7096
2447
1236
7893
1093
1729
893
6985
3275
4408
9022
5709
3516
6987
7537
8822
5753
8857
465
6428
2673
1218
1608
937
1409
6473
3369
4433
5298
7124
1660
6493
6479
6674
5007
3869
3376
1671
2075
1746
7065
7343
3493
345
2460
1034
685
1120
5270
3707
94
5523
8419
669
9014
6212
8578
302
21
1628
6207
6541
8599
617
5009
7501
9033
3827
2061
6500
7303
1902
5245
2085
442
8172
5829
4662
3611
319
5265
8291
7327
3513
7502
6818
7069
5915
6846
1126
4145
5861
2018
5996
2705
5961
132
5842
7626
6475
6377
3465
8961
1087
6854
2864
6611
5348
6358
8036
3224
8367
829
1754
8931
3244
5396
1433
5787
5609
2776
7999
2618
5301
6606
4303
7026
3378
1420
7603
7003
8290
2435
7551
6671
2689
6732
8602
4710
1202
2236
4022
7945
3302
1021
8561
5018
7292
5481
4787
7846
3179
2540
7137
783
301
6936
1159
7056
7122
3212
6264
3819
1351
8576
7691
6724
3812
8716
5550
5727
911
5751
8065
1844
5375
4706
4416
4975
3826
6152
4906
5739
3633
8218
6256
8600
1886
7911
263
4796
4690
8007
8128
7789
6350
5030
2408
7975
6528
2829
6360
8537
3015
2182
13
2815
1281
2580
7956
4658
1509
8946
3074
2445
7256
1324
8563
5042
8706
5648
7841
5240
2505
2103
965
7856
2438
3539
304
6980
3942
6583
2150
1566
2140
356
5460
5134
1394
399
1510
5341
7783
6658
22
3992
3708
2664
5150
201
6273
1630
7336
3192
4620
6024
7644
7443
3201
2311
7001
1439
4689
3629
7370
6098
6226
7512
8932
7937
9038
7079
3457
4546
5556
8180
3367
4283
6680
6941
8055
2216
8821
8126
1600
3726
2190
3048
6703
753
8971
2585
5949
5728
2574
2423
6076
2968
2552
851
5592
8766
7462
5199
6194
5343
1929
2371
2086
268
8326
7076
6143
6230
1623
648
7724
4198
2901
7645
1170
2888
1389
931
5812
4524
6843
4527
8891
3925
1822
7509
8984
2475
8241
2313
2093
401
3344
4942
7385
8281
1750
1085
5533
3268
3474
2650
1212
8717
1102
5191
1100
8335
6875
769
3779
4844
2813
7359
172
7899
4436
6495
5887
723
5238
3329
1423
740
6612
8845
8694
2779
1016
5746
5740
3249
2956
2987
3285
9020
5715
1480
6283
5321
1419
4439
7714
3218
8613
4112
8149
6167
6910
2334
444
5110
2702
6865
342
1658
2147
6049
7929
5060
5086
1047
7405
2319
3211
41
6262
5498
158
8699
8955
8041
6205
1024
6970
6748
1771
836
6801
4320
3380
5106
2796
3035
3337
2626
5112
7887
7793
7468
6906
6352
2900
6739
8211
8270
7753
8164
1976
3365
4057
3769
2893
433
4692
4965
4285
2039
8267
2281
8873
1663
8728
3418
6007
3570
2163
4515
3150
3555
405
3443
4595
5098
3029
4561
4616
5189
4316
8703
3758
921
5988
8136
7857
307
4456
3592
1026
8633
6778
1255
2491
5206
8745
145
196
4062
388
320
4882
4894
7004
2708
6394
626
436
163
1502
4073
996
4888
92
4619
7657
6659
7491
839
4006
1664
5149
2800
643
6653
2398
2532
4574
2293
6839
8443
8595
5945
1985
6691
3744
4165
7879
6465
2395
5248
1539
1827
8562
3781
5418
5656
1808
2887
1508
938
3579
5967
8546
5131
8731
1417
7236
7801
3011
1211
2821
588
2873
804
141
3784
517
2920
1587
2851
1518
3676
4398
8068
6019
957
4386
329
1514
1336
143
7648
8364
2227
6945
6561
326
3578
1650
6892
6903
8958
1548
7734
3122
737
6623
1854
8201
1543
6759
4088
2511
3859
1928
633
3140
1425
4185
7221
639
5055
89
2797
4302
8991
6199
262
1228
8224
3110
2269
7035
365
5454
4484
4668
3479
7030
8650
1759
6483
3624
2500
8090
1516
5488
4440
1316
2995
6805
1311
7806
6746
7053
5295
3915
1624
3397
3741
7041
3895
3912
6919
7042
7032
8843
2503
8866
3939
2191
8188
5920
3538
6224
3515
3421
6988
157
1767
7809
7432
8441
7957
522
2502
8295
5146
3572
3111
904
5483
7282
6792
1598
1267
3546
8987
2642
7822
3507
2218
3304
5414
8156
1468
2456
3584
621
4411
1287
6301
1398
8220
5586
7481
5266
1075
6862
801
288
7024
7093
2487
2386
3382
7293
7677
1882
3108
6469
7950
1681
4542
968
4183
8572
2732
2051
3759
8160
8432
5021
6536
2933
4603
8523
707
1445
5849
1981
1702
1644
1362
4167
1742
5075
8923
1565
7993
7326
3920
117
3740
6990
7409
8015
8250
4036
1076
7242
7494
2134
1591
5671
5995
1040
5360
7862
8057
616
6646
6425
6682
6041
7799
1119
5506
993
8974
7834
3109
1800
9013
6715
809
2630
5962
4465
7325
8024
3914
3891
6472
7495
730
1919
6924
9039
964
3128
5432
1855
2223
5482
3464
7306
8836
8653
4297
4313
3073
5493
6513
578
318
5427
5308
8444
3835
4937
3217
1796
1483
3526
7817
6771
6418
5023
6109
3514
6858
3350
8304
6597
8133
8553
2005
4925
8519
8693
5889
5408
5373
5685
5886
3435
5862
3963
672
8612
4701
3524
1178
3527
3604
4966
1806
3668
4900
7194
5316
596
8401
3724
5313
4543
2789
2551
6555
6562
4831
5445
5528
8464
3276
4771
7624
8530
5163
6182
4120
1330
2287
1563
8554
4622
8672
6950
1534
3020
6637
4319
1998
1382
6100
3823
2450
7193
8368
5394
8141
4351
2074
3148
908
497
1337
4535
1145
57
8774
3980
6787
5766
5542
8943
805
8096
220
5154
913
778
122
6894
5252
4866
7006
2142
7924
1779
8656
5892
8671
7084
3424
7458
2028
7386
6002
6012
7940
2179
8886
116
2062
4128
4924
7482
6937
5769
3847
6408
2817
5157
3403
5168
4453
36
4001
785
7860
6431
2621
3200
309
6922
6678
7939
4988
2872
7755
7580
156
7240
6294
1812
611
58
7739
5630
6039
4804
7597
6584
4388
5004
6943
5048
7784
7297
6368
5342
4489
5572
678
8380
6648
3135
4234
4258
8342
5153
360
6319
2876
7111
4908
287
6324
4741
5186
8212
7842
1303
2549
1777
955
6744
5608
3762
710
859
2187
5293
4008
31
7605
729
1402
3928
1262
5527
9026
6688
8573
3627
3049
1295
1152
5377
1214
8341
7192
7867
819
7064
8352
5850
1305
5538
1500
4202
2096
6921
1639
5687
535
4166
6971
2130
5744
5957
8939
2383
8189
5423
1753
8638
1163
3677
4274
5033
1987
4783
6393
6826
7160
5642
697
6598
7329
4770
8134
7589
4769
191
3366
6545
7108
6709
2862
4279
4382
7843
8949
3655
703
8092
7105
7895
1411
5306
8791
4461
1073
7486
1204
1726
3063
3054
3881
2367
2742
6217
4402
2645
7549
3616
3998
548
364
3494
286
3312
2501
8853
4665
5406
6902
8734
7898
8636
6876
4986
8662
1898
5798
1740
4568
5102
8846
8410
8307
1536
6697
8276
2207
186
5770
3198
6326
6307
8691
5390
4712
9012
7269
6048
8834
4233
8858
4401
4483
1238
7110
4322
8104
6000
5255
3322
1573
50
1052
4171
3315
278
2798
759
8574
1454
4930
3262
4017
3245
4853
2427
1309
7304
1816
2470
1511
5259
5124
2389
7464
873
776
3659
2047
4901
171
4859
5906
32
245
2199
8985
5764
7247
941
5224
3062
4114
8436
3966
1322
5838
39
2993
7461
4175
1925
176
3519
4426
7184
7102
7496
445
8852
1440
2663
6834
2898
3050
7112
1850
4675
2783
148
7397
5914
8855
6886
3261
2863
6932
125
1195
3725
4289
4566
6822
7412
8688
3986
167
5565
6028
7403
5620
1209
2260
889
1426
27
174
256
2467
814
4009
3955
6842
2100
866
6798
4163
4776
3282
1091
3755
8473
7629
1741
9027
8269
8823
8452
7702
7728
7796
5606
5410
7489
2375
4682
3777
2754
1
2593
501
5622
4360
3580
6696
7833
982
1978
4857
7770
6849
750
86
6189
5001
553
8644
1151
3256
8861
146
6406
3913
1707
113
1607
2510
2809
3614
3152
5935
717
107
8727
214
6772
6879
709
6554
4199
3151
381
1992
8083
7379
5064
5981
2648
883
3429
4614
2914
2869
1304
825
8458
7892
8118
5281
5840
6306
7212
6992
3727
1942
3267
5015
5280
7335
4719
2479
2625
1599
2573
8809
5684
5690
5637
1244
244
1825
8579
6150
2841
4074
5202
5325
2586
2489
3081
239
7423
8983
2373
4160
120
6249
1321
1492
3603
5694
2719
1552
1989
6576
2376
4839
4201
3412
9004
3347
6491
3119
7602
4896
1497
5960
4132
8255
4486
8637
3210
6795
5537
4236
6004
1196
40
6861
8004
3127
1935
8332
7555
2962
3623
4886
83
6397
3103
5114
7615
140
4390
5780
5367
6063
622
