7535
1412
4907
5853
682
121
3205
2201
6855
4483
3067
5366
2766
4079
7302
7250
1625
1384
5776
7472
5953
3019
5812
2335
399
810
4195
5190
6039
4435
5731
5241
5434
5314
4067
3579
697
1274
479
3900
5752
6784
2728
2157
6703
1306
5693
4153
6875
2949
3267
2622
3580
6906
5222
3743
5352
3951
2223
6350
663
1854
7213
5231
959
2235
7124
7014
5205
634
3817
424
4101
2163
1439
5388
1379
765
1803
3408
6016
5520
273
3270
6189
677
1622
6306
6408
201
6230
6718
5237
4977
5359
7384
3940
1640
3048
3985
4970
5350
871
4748
669
2389
2955
1291
7088
802
7195
5409
3632
6284
1490
537
1880
3349
7037
361
813
5101
1263
7482
5245
6632
392
1672
3553
6375
888
3930
860
1189
2827
6547
5275
6650
2187
191
4471
877
2489
1416
4085
4291
3914
4164
5918
4051
6976
2908
7043
4436
6789
168
1120
5168
2400
2510
1528
4384
5248
5874
2685
4586
5688
6485
4484
95
875
4094
1449
981
3712
4039
4666
481
3440
3158
4167
6063
2241
5040
6529
4795
6686
2416
3685
349
2858
3094
6462
382
56
4923
2637
4306
1275
3495
2801
5778
2407
1191
3901
171
7418
249
1569
2012
4347
4089
3329
3761
2653
700
2495
2325
5996
7287
4325
1551
7458
7008
1235
5332
1150
31
2028
5596
5855
362
5548
4233
4971
608
5622
4388
1942
4918
6561
5157
4464
2850
3306
3314
344
6584
3609
4613
7413
585
5537
3227
502
3644
1961
2999
4002
6656
950
6001
2017
754
5244
1734
7356
5762
6916
3878
1621
2798
3670
6877
5211
5694
2096
2278
6321
5330
2931
3464
7015
6403
4391
5411
1016
1823
3541
200
928
4892
37
4043
3502
6252
2262
555
617
6883
2321
274
6619
6378
1557
1688
6857
6200
2014
7434
2116
2755
2654
4723
1456
5885
1087
968
543
6161
106
6449
4083
3907
6365
5604
3186
4750
6206
4935
685
7348
4739
2498
3462
1964
4759
4834
5512
185
2844
4359
2544
778
55
238
1309
1401
1255
4882
4146
338
2777
4505
4701
5973
5166
5203
6859
4663
2546
455
7440
6494
6728
5950
6297
6352
1300
4626
4904
4617
6823
3236
2496
1051
6159
4504
1795
3272
7119
6675
3345
6915
3877
6014
2774
2881
6283
1957
2176
1438
3964
2649
6892
6617
7155
2149
594
4616
725
5960
764
2561
5380
6349
3091
4925
4276
6287
3191
3800
2693
3771
1715
6505
5099
4847
4086
6698
6893
1614
2516
6918
7062
5827
4849
1253
909
4645
2268
6060
3703
4576
4896
3538
6507
2573
4010
3449
7319
5944
2080
844
6362
5192
5019
4928
452
4168
6979
1651
3107
3296
1927
5941
4846
2527
2412
6028
7068
1632
1135
6796
5580
5713
6777
1653
128
3816
6208
3092
5213
3808
7478
4024
6924
4545
2581
1696
2962
3332
4057
6228
4737
5039
4176
6544
6157
3222
6704
2427
6573
1935
6055
733
3696
7110
5041
1037
5496
6843
7040
2122
3963
6406
4130
2033
1723
821
3775
5146
71
1570
1617
5374
4582
1508
5654
7278
5964
6005
7325
1924
2871
6711
5882
1654
1244
4559
6170
4061
1353
239
6393
1832
4841
3825
5304
538
1604
1468
7294
5822
1738
3230
3052
1797
4930
5676
1852
159
3216
4173
167
70
2681
659
6372
5795
4850
4770
908
5182
4731
530
4585
4136
5864
5722
4990
369
4745
3027
2664
4479
5565
6648
4528
2645
5151
1441
3419
3072
5184
2723
3330
3424
5883
4254
3036
2494
500
1495
1565
1414
5152
2535
4005
2771
4550
1297
291
1882
6755
910
4826
6089
5342
5487
582
4522
5026
7063
3266
994
4766
3483
7486
2431
421
1430
355
598
4857
5867
3129
4193
1695
7468
5985
2814
2741
1664
2131
5116
4707
1884
1833
3991
3881
683
5809
5441
1368
4210
2398
6373
4240
5080
4337
2977
7237
7330
3504
4314
2467
5046
2635
1231
7424
4037
5363
2394
870
6020
5667
325
7239
3093
6138
4328
1190
4570
7262
6047
4150
2567
4073
6080
4986
5531
3076
1317
7190
2375
2348
3805
2598
4656
4393
3189
1938
975
3799
7205
1198
6900
4018
1248
4997
505
6062
1049
4604
3382
1838
4492
1750
7405
970
2970
4197
3344
7318
2458
1560
2410
7102
5209
6137
6930
4831
4212
4588
4913
3028
1638
3892
2327
2203
1787
6867
854
310
1546
3959
81
513
5135
1538
7485
3276
2022
4654
3017
6115
6085
5048
2884
5683
1680
2667
2248
3131
7456
1415
1063
4077
2521
7316
5097
3206
5144
1121
1123
3078
4399
6088
1737
153
215
4467
6171
3521
6443
7082
3460
2769
4712
1461
7475
1066
135
1836
4192
6041
2195
2895
230
5033
3859
1404
1460
819
7054
3274
4145
2760
220
1093
6953
242
5981
7016
957
1859
3165
7362
3517
2907
6602
192
5862
1302
3602
6818
2860
1000
7263
1018
6078
5086
6950
1463
1457
7203
5534
5255
5427
3728
7033
5317
519
5881
4188
237
2757
5858
6045
565
3347
4700
5052
6441
1620
4408
5770
6599
166
1697
2433
1008
1315
4944
2233
4625
5787
1251
1026
1097
4530
3377
2160
5175
4810
572
5169
3075
2339
65
6314
173
1500
6543
2613
770
1076
2038
1425
1966
536
1558
2296
1892
2282
7052
5271
655
480
5415
4446
3014
1539
7196
4647
1483
1581
1825
441
5611
6108
6624
4004
3694
4697
4877
3657
4973
1805
112
2295
7495
4088
348
1361
5897
2846
2143
92
67
3904
2330
4898
2414
4474
5575
5652
1320
5215
6147
2423
3787
2898
7492
5323
3194
2668
5986
5919
1637
102
1176
3342
4599
3528
2277
1437
3403
5834
2957
2070
5818
5852
1887
4235
2588
4374
3428
4321
2450
5180
3607
6455
2772
1855
6688
3606
3518
6847
282
627
7145
1967
7484
1064
672
4886
3394
7291
6614
6217
3251
525
6130
6671
6339
6551
429
3352
2083
158
3530
3246
431
7158
1615
1125
1675
6180
267
7093
2062
1083
3152
3384
2861
6013
2362
2052
51
6197
5170
7460
2702
4349
3319
5022
6841
4451
2255
4345
4307
597
7407
4705
1134
1996
1526
1778
2503
5326
817
4725
5282
3910
7084
2366
1933
3511
5857
771
3171
1505
1245
6323
5788
342
7139
546
3038
4380
4868
2287
4059
1467
3595
7430
6808
6659
5089
3033
2356
7283
883
5156
5047
5119
5249
4728
721
6310
2106
5461
5965
7059
3198
2617
1280
3944
2388
4488
6008
4340
2044
104
2155
793
2887
1393
517
6461
4936
1395
6898
547
1208
5364
2587
6888
6640
3138
3277
2650
3491
2915
3962
3333
6752
1322
6049
5141
4670
4049
4485
4343
2901
3042
1170
566
2780
4261
3809
2941
7130
4048
5773
6203
1230
3776
2904
2420
1187
6173
7321
3599
203
1473
435
1842
7443
2585
7350
6771
142
2214
4444
758
2532
2531
3035
6097
7383
6241
122
6856
5747
6369
7185
4706
6411
3097
6665
2234
3081
2457
3691
2991
5200
4363
3701
1102
6593
5466
2417
1969
233
6697
6177
449
3405
2981
1521
2903
6374
3103
4413
6315
3099
620
3867
6816
6768
3114
6973
5662
4275
3947
4908
4411
2076
2487
5758
5493
7467
4628
756
5658
6741
2920
7112
324
3292
1699
5777
152
2914
4815
499
2066
7399
5909
7522
2424
7194
7207
3711
4794
2922
5030
4807
5292
3832
5243
4820
1446
1592
4028
4183
4400
2921
5310
2477
2397
2630
799
3250
6199
386
2905
7394
1389
6527
5324
741
356
2035
1815
4618
3224
3583
5708
4303
2184
6776
4366
6946
5017
2391
3181
6712
2332
7135
6645
6437
5340
372
2927
2606
4180
60
1163
6701
3929
5765
785
575
529
2713
5322
4624
373
4591
1179
7428
1501
3264
1038
1706
6155
688
7020
5503
1219
5173
3180
7117
370
1443
123
4894
7247
1915
6569
705
1584
5193
7122
7392
1380
3736
3898
2973
826
4678
1761
6467
3754
292
6594
3380
2990
5668
3247
6434
3826
4302
1249
3556
6782
5488
3886
784
5671
5860
5647
5817
2334
1345
6817
1308
6520
4282
5036
7449
5796
2055
5001
5489
2161
2408
1062
1044
6343
6302
3697
1435
4954
6710
5538
4713
3338
4231
2021
437
3046
644
1860
68
1953
3663
579
4080
2985
5435
2892
1243
7378
3643
3695
4273
5873
6303
5426
6223
4732
5288
7108
7136
3762
5698
5513
3510
47
1908
3778
6072
4762
7338
6865
2402
4034
3739
5367
3475
748
3305
5420
301
2305
589
1718
6616
2976
2960
6861
3214
4733
1444
6076
3621
5895
6786
3500
698
6581
3369
465
240
4842
885
7352
4290
6274
3148
4952
6312
1686
5395
5848
7371
1726
180
2720
6724
6611
944
3273
8
4809
4266
2177
1861
3860
889
5921
4317
512
6720
6894
5256
319
1566
4509
984
6122
1826
6360
5928
2369
955
2418
6642
2857
2657
3693
448
6927
1323
2026
4068
3415
6811
1377
352
3862
7273
1821
400
7225
1351
3228
3665
896
6129
5799
2731
3690
6537
3653
7423
288
7531
3253
987
2442
5741
2878
7471
3920
1819
5090
3611
120
261
507
6261
3225
528
7184
3258
5172
696
2849
2579
3722
5703
2482
3563
2937
6438
6460
1086
4365
1039
2749
2684
1698
7354
642
846
140
6464
6680
7142
839
6355
4602
3279
4756
962
7261
1242
6270
2679
5926
3381
6951
4764
535
2101
1237
1411
874
6098
1177
7355
1157
4564
1110
4538
5552
6591
5925
4006
1229
3458
1827
7222
2463
1580
7228
3640
3496
1762
3123
6995
739
550
2383
2129
2557
209
3446
1477
7121
2651
3285
7502
6775
6218
687
398
5679
178
3656
1599
1283
4433
605
2759
6257
701
5767
5712
4120
4123
4066
5866
1713
1956
2732
2476
2336
4619
2069
1722
2924
3210
363
472
11
1814
2823
1330
7351
6445
5555
3527
1078
3854
1829
4537
2024
662
2432
5183
3531
2691
7432
4500
3313
299
969
6945
7064
6666
1544
2105
4476
6943
108
3363
7504
913
4594
609
6512
7393
5902
3219
2124
3318
7254
7347
5939
7312
1506
7322
1048
5100
4151
516
4818
6027
5010
7381
6095
772
2148
2951
5118
5074
2754
3486
3269
1116
1589
4187
1995
1254
5940
4038
5648
7426
1588
214
15
999
2899
4664
4782
636
4009
5091
6804
187
440
1164
2673
5128
6952
3554
4198
1381
4174
2621
3204
7012
6781
1417
4630
4141
3037
1139
5572
2007
1690
3203
7533
383
4119
3833
6923
2875
6794
430
3971
2270
3928
5333
2624
4422
6238
6346
3301
4704
5949
2279
1972
6691
1552
3786
2785
109
3647
6582
5035
6167
2453
1733
2218
5707
4661
872
1978
2381
5198
5176
4773
5371
7308
1863
2409
2577
2308
3945
5775
2965
5904
4387
4574
5164
5345
4557
1525
3010
3866
4540
1091
5677
5474
5749
7421
4117
2232
2151
264
7360
5811
967
5451
4372
576
647
1021
2706
7105
3755
4184
6647
5639
3937
4775
919
6140
6172
303
1643
127
5898
5370
2252
5027
1867
7075
1458
3669
2318
5375
3069
2313
5096
5934
5346
5139
3954
654
2592
6696
4015
511
2938
4127
5320
2689
2507
4062
7100
2118
49
79
5290
172
5224
7524
2025
3062
5721
2826
2770
2911
7358
4560
2075
388
7487
4029
4784
5104
5646
7223
6705
1590
2091
4777
5763
4553
1691
718
6029
1542
5966
2301
613
6245
2343
1338
2971
6487
2954
7128
4549
3196
5810
1325
6663
5082
2671
6288
2725
6516
3616
224
4191
2604
5945
4219
2811
2784
4122
5392
4864
3883
5748
3612
1561
375
2065
1339
835
5049
5856
3757
7253
1265
4494
4044
3650
1007
3315
3026
3626
7447
473
4603
6132
4211
5550
1550
942
6113
2707
3323
3802
7085
5236
2329
5506
6070
922
2882
5923
4981
44
5579
3120
2174
4053
1313
7047
5134
7151
1736
2399
227
1681
6417
6034
6164
394
6307
5640
5029
2612
691
1050
6886
5318
823
7192
6058
188
2480
1755
5305
1095
892
5615
3195
129
6160
6803
1010
1677
6974
3431
3752
3724
6166
2812
4105
4763
6983
830
7310
1667
329
3686
1975
5308
2992
1633
3756
3297
1185
1373
491
631
416
3008
5801
937
3268
2590
1731
2119
5779
4974
2355
993
850
4808
4722
5900
4440
2517
1965
6181
434
4539
5043
5720
3794
6956
6440
3770
7422
2368
6124
3661
2054
3578
7343
5850
4247
2068
1388
5297
6970
1960
6418
6367
6336
3429
423
1155
1092
2057
5837
6764
6603
1591
1919
2688
7029
3674
5829
7324
3705
5458
1261
7127
2782
2440
6759
2470
5281
2848
1830
1711
1169
390
3212
4417
1173
2799
4322
4612
612
5876
5285
539
3133
7269
4799
6079
3163
6061
1459
2385
637
6968
6298
1582
1015
2933
5501
331
4144
5678
1144
5321
1089
2466
7188
1742
1213
6081
2323
130
2929
459
4035
2984
3889
6451
2513
170
673
4403
5138
4020
4649
2966
183
2344
6033
5958
890
4081
2552
2500
7094
5056
2406
311
6723
6854
2443
2345
7017
5405
6798
4443
2212
1725
4786
2795
6797
4333
6571
4856
1759
2141
6519
5368
190
2074
1355
1022
1669
1647
1378
3281
1601
4298
3747
953
2547
6488
6556
927
727
3630
7519
7172
2830
1024
3547
4940
2374
3476
3221
773
6788
4828
2886
6471
5614
7028
3967
4274
1108
7197
228
4788
7051
4945
6402
5836
6000
4031
2185
1383
2589
2659
5616
5661
5295
5510
6291
635
2518
800
1175
897
4052
6858
995
7515
1118
4966
5202
4653
2285
3045
5927
3540
6259
664
5998
1056
2221
6884
2640
6949
5114
532
6693
2551
7314
6224
7328
4524
3589
3586
2364
401
6989
4858
1739
3098
4742
5606
5066
418
3193
7086
6731
6579
276
7070
5081
7377
2158
7080
1793
3275
5568
6965
498
4909
5670
1524
1579
4438
2743
5682
2665
3847
1792
5181
3561
7160
7386
3402
5745
2042
3966
689
3885
2508
7141
3011
1484
6294
1709
4692
7180
2523
1498
5734
6715
5227
5051
5016
6836
759
4362
1939
3096
3780
3383
4159
3750
2505
5968
4675
6977
674
5122
365
2839
5167
4915
2468
205
2351
6684
225
2988
1771
1101
149
3845
1375
6588
2438
6734
5695
4154
6919
254
4687
3519
5481
7181
3090
1920
4511
277
5675
7232
5507
873
7470
4950
4480
4648
7147
595
5361
4703
2459
2714
3286
5390
7214
76
447
4569
341
1840
6178
6905
7420
2605
5386
5701
4853
1907
3623
1970
4797
2805
334
6501
3360
1428
6542
4838
1482
5803
4639
3400
297
2079
1770
2936
7038
7050
6083
4019
2254
5886
5704
1241
2353
2870
450
6093
2304
1870
7491
851
3706
2737
3053
5833
559
3229
948
2373
3044
6344
1553
5418
5358
5808
7285
5519
2000
5107
1913
5283
4296
6053
630
1848
5685
5714
6192
4092
7066
2775
284
1367
490
6964
859
3797
1572
402
2695
2040
6439
5272
2284
1905
6447
1837
6622
3718
6948
4318
3946
6820
3080
3615
4055
1312
2081
5253
6383
406
2197
2964
6939
2945
3969
5813
3772
4283
241
4027
6545
561
5072
1948
1984
1304
165
494
5199
724
290
1660
5738
5343
593
6608
1777
1088
5994
2192
1337
3838
4673
6626
2961
4466
3055
5062
3551
4610
367
646
3399
6448
1186
5009
4236
6234
7437
3655
6580
3105
1285
3245
5563
4439
4960
2935
4463
4268
5430
6576
2843
985
1474
1841
3079
4746
73
3731
6416
4824
3994
3262
760
4555
5631
2015
5870
5828
5500
3758
2264
680
487
6379
767
676
4107
5450
4947
2559
2817
3520
3119
3459
3364
1082
3733
1128
584
6682
7509
3840
3721
489
1359
6331
2474
6988
814
4953
5083
5657
7396
3108
1432
1060
7134
7090
3110
1813
964
867
7178
3155
1132
2175
2956
4851
3843
4806
270
4651
797
6583
3989
482
6800
1289
1372
4383
1816
5293
2796
2370
2312
384
4547
6799
460
3477
5357
3566
4008
2224
5158
1554
5126
4223
492
6969
2328
2346
1670
146
7209
3137
6067
1035
1069
6922
4064
6984
894
2265
2396
2913
7109
1332
1419
5821
5553
5078
6914
3239
2307
1719
2104
1466
4050
35
3855
4854
947
10
2004
1949
5145
321
2789
5140
5739
4905
2379
2050
3588
5586
462
6255
3184
470
1874
1663
6821
6862
2196
4968
1529
2001
2539
4072
745
1627
1878
4397
3575
5031
1641
6073
4412
7264
7507
5252
7500
6985
4106
1203
1807
6134
2238
1172
4676
6165
2608
2009
5439
2239
5004
3821
182
4571
5524
1137
3872
3827
5129
6424
951
7342
3299
2300
2071
2726
1403
2876
1481
3140
1756
3322
5516
3913
5917
7477
2974
58
1153
6550
7416
914
5723
212
6878
6940
3879
1703
445
3792
722
6600
5922
5539
5478
7004
57
965
3699
4803
2261
3603
1595
898
4473
1765
3948
3455
1518
3956
1571
6179
1724
6299
932
1045
4657
5543
6390
2150
1232
298
1707
1893
5499
4688
1891
580
4621
6401
2813
1376
5626
4848
1331
5878
2838
6397
3740
4825
1385
1487
432
2854
3154
3668
6482
3144
307
2260
4783
7525
2538
6778
2504
4635
4203
1180
4995
3732
4859
4170
7021
7048
3288
5115
906
1846
6229
4989
3452
5071
1009
466
3324
155
1537
5432
4681
6491
4177
2692
41
5504
7227
7067
2465
5847
7454
6142
3975
6790
2340
3921
6981
6725
6207
5201
1497
6942
2089
4710
795
4491
6994
4260
4556
4734
5194
2469
7200
7490
1910
1659
6959
6444
820
5042
7140
3002
6392
1951
5408
3443
3848
4965
251
4376
4899
6806
7334
6119
2413
3720
4267
5644
2434
2211
3453
4827
2401
4350
3873
6409
4929
1879
7503
2716
6205
4341
3328
7041
1277
2005
7297
1025
4668
1980
6394
4075
6555
4224
4498
1036
7224
5421
840
1276
2555
7305
6628
5625
6332
4277
6407
4917
2077
4448
6151
709
3806
6148
2349
1043
6357
6427
1839
3856
4778
788
1903
4874
7072
4132
6046
3293
1743
6236
4102
2034
5457
3773
371
4951
5131
1745
1764
5831
6763
6670
4768
1612
3536
7514
7022
2380
3745
4455
2711
6961
4629
1098
3972
3234
3719
1077
2560
6860
2776
5975
5469
1264
3182
6559
5286
5050
2582
5306
5633
468
7240
150
3617
3624
5279
5440
5560
4525
1352
189
4382
3622
6052
601
5896
2121
1976
1382
7388
2710
4367
5376
3278
2900
3634
1872
2135
3759
5038
1962
6633
5142
5462
1424
7220
2393
5331
318
2415
3977
3789
231
5578
3811
4597
6320
2236
4379
6787
4182
4867
7404
5911
3704
3022
5032
3020
1567
340
3469
7137
7146
3737
6554
285
5724
1522
1279
4844
7092
1130
2733
4615
3636
5044
1470
3591
6635
602
1299
2708
4669
4607
4800
2045
7401
7530
2180
3433
2778
2556
3289
4716
154
2763
878
5838
1343
4690
5558
7259
222
1161
6911
1220
3660
1356
3628
907
2274
3173
138
4087
2918
3915
805
3707
5425
1968
1934
5991
1798
3472
1017
6026
5335
2003
4311
5383
5583
1502
732
3358
920
1197
5943
5891
6935
6118
2666
6971
2247
5508
2156
789
1605
6749
1247
4609
668
1148
5528
2291
1790
53
2193
5127
574
3432
7474
6960
3223
4816
5109
3395
2902
3671
3481
5772
831
3557
5298
1012
5612
7532
1223
573
6695
4863
1324
2618
3340
3320
3153
3162
7006
4852
1442
812
3713
115
5251
5102
3537
4562
2036
3023
931
2386
6244
5569
3201
72
7189
6882
6812
17
6553
6473
3280
600
1575
3006
6210
2525
4919
5021
1598
5845
1131
6769
6422
832
3457
1562
876
3548
195
1113
4129
4292
4644
2430
6957
2249
4876
3237
5349
3515
1310
4134
52
4364
4781
1946
5154
1735
624
6864
6785
5634
1849
2013
5165
4001
3368
2700
2499
7385
6750
6880
3362
7233
272
1720
1917
387
5362
1749
1447
3924
7032
5601
1429
3031
5659
5207
1178
1214
5453
6706
5130
6887
89
464
783
2144
7339
7058
1
3744
4169
269
38
5233
633
5191
378
2896
6826
3183
444
5347
5028
7257
6127
2718
2967
4749
2629
1630
1987
6237
1311
3979
5311
1207
4870
5664
7425
4222
1862
4623
7448
1005
4726
7218
7469
4934
515
25
2869
1421
343
2491
5804
3413
422
6646
1909
3166
5617
1786
280
3933
2818
6909
3188
6065
162
5697
4567
6762
4263
1853
3060
5630
2995
1287
4305
196
257
6253
315
1877
1865
3584
6896
3950
3417
4752
7403
6618
59
4741
5957
523
3888
2987
2729
4344
4243
1369
7154
3688
6625
5120
2100
6660
5594
590
1252
1545
2549
4911
3143
409
4730
4312
3925
6819
4837
7345
2058
4579
3025
6048
855
7400
2576
509
3592
5792
1783
5394
7125
6351
6863
148
5760
1386
7235
6381
5888
4420
3513
4801
2258
93
5242
5208
2123
1396
6638
4693
7204
2851
3801
5053
5711
704
6910
6111
258
2906
5610
1564
7455
2856
7466
6610
776
3218
5147
6511
4111
7444
4964
6091
7306
2928
2422
1519
403
7304
2747
3309
5125
7265
6739
5627
527
1844
924
2041
3468
1188
6726
6168
3820
124
3796
6412
6651
2800
5185
5742
3001
5404
3265
2272
6341
4045
374
5269
4271
1700
943
1684
1754
6452
3341
6256
5937
5273
4727
262
3676
2687
4402
1808
3558
5540
6478
7303
5264
3981
2840
6308
2043
1929
1420
347
1685
2317
1784
2620
7409
6184
7150
917
560
4672
7055
6874
3646
6828
3709
3423
1034
5768
63
3361
3957
2748
5226
1834
5309
5719
5930
1270
3016
6100
945
891
6765
3287
4487
4202
2190
2619
336
4297
2575
2365
322
4743
865
3639
6363
12
6431
4082
6612
1586
1387
3235
629
3798
1171
495
3015
6018
587
7272
3043
1409
5665
2341
1014
6677
912
7296
3906
5901
6574
5757
6891
5987
3535
974
260
2140
4369
5797
5641
3837
7309
1225
2738
998
7513
7159
27
1652
4931
2426
5961
1981
1883
3490
5605
7095
7442
6007
380
4531
3310
549
1222
1993
3479
7114
2216
3497
7229
6003
6123
4336
6021
667
5650
312
6567
2994
5905
5505
3587
2690
2269
5802
4652
3175
2963
7238
6536
4900
1717
2429
5412
7005
2314
475
4575
1623
5057
3412
2642
6112
157
1158
6699
6158
3122
2781
236
3509
749
4521
3220
3451
5573
3574
3437
6814
884
4985
3283
6746
103
794
439
139
211
3765
6094
1555
174
3986
1748
7123
5325
3813
5786
1246
3534
1767
868
4798
7039
708
6356
4097
3257
6525
3209
2202
1499
5879
6015
5839
540
1930
6099
3783
1436
4421
2098
2530
6484
2825
6313
1671
3007
6524
5148
6347
30
3300
5794
2767
849
179
1344
2167
1303
7489
2112
982
3782
1530
7367
3376
6758
4124
3791
4632
2829
4866
6669
5962
798
6661
4711
3425
4140
4561
3568
4992
4030
2227
2290
6002
6295
1057
1168
4920
7042
4128
2288
5124
2584
3912
7534
4771
7126
4499
2242
3295
847
7459
6265
1047
6120
411
1634
6852
1301
1234
1536
3533
4558
3726
5743
990
4023
4590
2475
1979
4667
1071
114
4862
1400
1371
1072
309
5814
5522
1431
916
1548
1127
2998
3871
2240
790
1165
4470
4458
6156
3298
5783
6426
763
6672
2715
4186
105
6595
1897
7331
3378
4887
1857
2266
4980
988
1998
3870
2968
6517
6631
4674
83
2923
3890
4248
6405
7427
3585
6382
3261
7152
101
4906
1366
1556
6278
7045
3631
1494
4056
2764
1496
6074
2672
3410
4330
2669
1272
1408
2421
1328
1363
5656
5868
4787
6246
5223
5974
77
354
7419
2797
3738
3539
3082
1002
1029
3618
3608
97
7336
7277
446
3869
1068
5997
3645
6345
7060
5379
5705
2166
5755
268
1850
930
6101
1217
3952
1512
6227
961
6213
715
5291
684
4897
6609
5384
1065
2437
3050
638
6692
4395
740
1181
2959
4740
2597
1360
3485
1105
2586
4156
1293
7450
253
5438
2395
1513
5982
5686
6586
5771
4774
3939
2281
4573
4099
5003
3582
6025
6683
5672
4414
4477
2297
1205
443
6395
2625
769
2228
408
5660
463
385
5846
3355
929
302
6526
6465
420
1215
265
2697
3161
6713
2142
4131
4353
235
1523
3374
2969
4486
1224
2454
7019
4709
4426
6897
2464
271
3708
5020
514
4991
6662
5766
5595
3960
5906
1295
6011
4201
3018
5526
3865
3249
2704
5094
4166
2153
7494
679
6419
3853
131
863
3128
64
234
4955
1472
3392
5907
2046
5416
493
2736
1028
6044
1704
2656
5214
3997
1154
5541
5341
2165
1096
729
5473
6043
751
6175
2478
4860
6358
6566
6490
5680
6934
3555
3187
6075
2171
3393
5369
7096
2682
6144
4548
4342
1896
3769
2565
6366
7241
1115
6454
94
946
2208
2836
4104
3683
6311
2147
1364
3029
4288
3321
1418
2526
5133
6522
7506
2363
6468
4257
5737
6400
5590
88
6709
781
4280
6575
6607
5351
2952
686
6082
4634
671
2652
6146
1298
5246
3908
6279
2919
562
226
7498
359
1146
2837
3021
6492
3815
78
1514
2591
3666
6212
2787
604
524
4978
4790
6998
1646
136
2765
7402
5692
2357
6133
7412
6966
710
2152
4289
1284
2502
503
6792
1333
3995
5730
2441
3955
893
6107
643
1152
1318
3679
7034
2333
6849
266
1240
18
4447
4112
2226
603
3488
4671
640
2183
6186
6396
1202
5403
1201
3560
3503
6264
1661
427
2492
4270
6226
6615
3100
2324
6873
4208
2186
6577
706
742
2874
4532
3550
3473
577
2488
377
3389
2088
4958
6727
1587
5414
7441
6162
6722
454
3790
7290
3142
7481
2940
743
1305
2276
5946
3348
2501
2722
4596
1888
7256
393
4490
7246
5232
5296
1594
4194
3887
6825
1758
7103
6263
1030
3552
1256
2352
6506
4976
4063
7446
3882
6450
6641
4076
3565
3614
3057
5576
4327
2253
6751
5502
40
2834
6735
3147
707
5710
7373
5952
4865
3465
6071
2648
1119
5189
2263
433
7
4459
1354
69
2172
7501
4013
4022
4984
1200
5608
2511
360
346
1606
1597
5378
5681
4516
7376
5483
3192
3576
7508
5299
3673
3397
6389
5728
641
2047
2533
2244
1124
5204
766
1541
5497
1238
1811
5527
5979
4149
1268
5197
3095
3605
4232
1488
1485
3891
6277
6643
3680
6568
4719
2139
5844
4880
2647
5238
5385
5861
5353
639
1334
4103
2354
4927
1211
345
4375
2727
5117
6042
6871
2444
7003
5377
899
2315
4157
6404
4114
1520
838
4895
1858
581
5732
4090
4843
300
7406
1433
1531
6829
320
2008
6903
6334
803
6958
818
3125
4513
1914
4883
2029
1941
6844
1988
376
1655
938
2948
6592
6521
496
3590
6193
3151
856
6716
4839
4178
1992
6866
3572
7023
5179
2436
1744
6928
6413
7231
6038
3824
3049
3248
1944
5187
1559
436
2832
6037
2206
5562
6523
6535
731
3326
3767
2114
75
4453
5075
4423
6890
1346
3407
853
3172
6135
1600
780
143
869
5319
656
4823
7281
3846
4983
3610
4942
615
5055
6371
5327
716
6251
2744
2942
54
5920
616
2220
2663
3942
5337
2595
1451
1226
4148
2320
6947
618
1692
2073
746
7341
645
5301
6185
3471
5428
2493
5381
2709
2522
775
6835
5929
5736
6809
2039
3675
1405
1079
7323
1822
6250
2730
3654
2563
2159
5491
98
6772
4386
4659
5977
3943
4216
3828
4916
1357
7078
3282
1812
2643
5336
3546
6795
4684
6761
6116
2319
996
6380
2864
1094
84
1347
1782
6744
3308
2820
6267
2322
6187
4646
4021
7171
6102
5529
521
5547
2701
5329
141
5177
5785
3463
5890
7071
6214
1266
82
4481
4315
6
4118
4189
2548
7173
2658
6384
5542
6605
5494
458
4520
3312
3074
330
5938
5518
4011
6627
6293
7009
7056
3990
1701
660
1041
229
2371
1932
6997
3760
3482
2243
2534
1534
2280
1042
3003
3961
5467
6480
4158
564
4881
5585
4482
4065
7107
782
2245
4605
5344
2980
6518
3231
3766
6540
294
3642
6109
5002
2002
6318
5389
1818
986
3601
6150
1138
972
2993
861
2446
1054
6737
5354
6017
3013
3880
2806
3953
5750
2020
6220
6931
5108
5316
728
3494
4572
681
4431
4760
2626
5642
2452
2049
6832
3965
2377
6215
6281
306
1397
2756
7199
6827
3466
7453
218
6163
5011
3086
3406
829
6742
6309
6110
7464
3404
4281
7431
4432
7186
591
46
4256
787
4791
6300
5514
5999
6425
2267
6466
3447
1710
4497
5629
3454
4204
6572
4568
750
6182
5257
6377
19
2138
4956
316
6421
6232
7258
1286
3522
5635
4546
5865
2390
350
5893
3525
6503
7069
216
5159
3169
1073
5753
5521
5636
2570
1577
1053
2790
3984
4633
4284
2213
5160
74
1117
5791
747
7270
5592
6562
4761
7510
3068
4515
2162
3781
1402
1114
5988
3106
6729
6030
6364
1450
6322
5472
6195
1126
5912
7198
1925
4125
3629
4536
4244
2298
6920
5228
3803
4000
4135
3351
1866
3375
5064
3734
5588
1398
2103
2578
2644
6472
6502
6889
4335
5174
6869
20
2601
4251
1166
2768
250
807
6944
7414
6941
4424
7435
2338
4014
1950
7337
194
7018
5250
2311
4165
7333
478
7183
5111
4636
7379
825
3818
3134
1183
2638
3836
1585
628
5178
7104
2698
4523
4310
4356
5373
419
339
6895
2099
1873
6289
6432
6565
6629
2473
3970
7226
4255
583
7436
3700
611
3294
5422
5643
4445
6926
4717
4503
1945
5463
1683
4100
6514
4348
6338
4071
3109
5696
202
5355
2600
5294
7044
381
657
866
4551
296
3130
7013
6376
4682
5593
4529
2779
107
6685
3073
3480
1732
6700
2554
1563
2847
3059
2358
2862
7244
7260
3498
4563
6340
6498
4137
1182
1990
7148
1342
1817
6548
1003
991
4462
3649
6992
5781
5551
7165
4577
2200
2746
3648
283
5063
4133
699
4724
3841
6128
7445
1307
6024
1906
1824
1657
3
1729
3150
5613
5216
3678
841
3505
2979
5699
7374
2599
7201
6476
7415
4368
2786
695
5609
6813
317
3127
1162
3024
1916
323
5023
1714
1027
3918
160
7476
6035
3903
6717
5591
3895
2411
1974
1227
3202
4406
3461
6423
2885
7131
4736
5754
6570
5894
2
2316
1019
5061
1785
5947
6139
4655
3387
3117
6145
6330
2326
7483
2419
6980
6222
4495
717
1911
6822
7463
24
6105
1503
720
4339
1831
1847
5702
713
7057
1766
504
1753
3388
1694
2120
6183
3164
286
3727
6342
2750
1705
6929
586
526
5597
2972
2917
457
1184
1741
7359
3741
2616
5073
3529
2558
6479
7429
1216
477
5034
3641
3751
417
6999
4381
3367
4715
2094
1608
3065
6730
2529
6793
3625
5835
7097
569
43
3113
244
357
7344
2816
4355
145
6141
2916
4542
287
2662
4415
753
1194
6191
4338
1666
6176
5092
4832
4171
5456
6188
6497
4032
2868
1452
6756
7366
5800
6103
607
6986
6740
6475
7505
2804
5933
4641
4378
1611
5289
6531
980
5137
4457
6805
4109
5849
1772
1107
911
5079
4611
1678
281
2107
6280
4465
5716
5805
397
6996
2486
7143
2126
2821
6644
326
110
4242
3864
4161
1314
6209
3303
621
5936
1454
7387
7011
2865
752
3627
5554
484
177
2337
5437
2633
7099
5574
7395
1510
626
4933
2739
834
1952
4922
2360
5452
5774
1159
5980
2835
6463
6982
7187
6054
197
1142
2137
2387
6504
4608
3549
3207
6249
7089
2030
7219
5983
4589
7153
1104
2989
7271
3373
5649
4982
3064
714
2634
1335
2095
5280
4404
404
848
39
1708
3255
7529
2286
4324
471
2879
4753
7353
5880
619
4377
2943
5312
7517
7132
3176
2712
4308
3507
1080
3998
6106
4869
7497
3450
4258
4493
4054
5162
808
3102
5013
2225
333
3968
4058
2761
4578
5663
3830
4269
2910
3677
1687
1399
4779
5254
6604
1493
501
1516
6783
744
675
5149
2602
4250
6955
6901
1639
3988
3401
4658
3436
7245
1070
5399
6225
293
3570
1407
6457
1624
3844
6678
1100
2146
1886
161
3774
4401
413
1889
87
6552
2934
2053
7417
3935
3445
4110
2128
1445
7301
3858
904
1936
2484
6117
232
2347
2359
5993
279
7215
5700
5824
7307
6833
1918
2950
6681
1881
5851
2078
4407
5045
391
4214
3795
6216
4181
5908
5841
3112
2512
6637
648
7169
7438
4460
3070
4885
5406
5015
5277
6589
3409
5889
960
4392
2497
4419
2794
4452
5069
4514
6317
2655
4998
5653
858
4993
6674
3851
1616
6354
1774
5726
5967
7433
2191
7002
7511
32
4996
6766
6240
7166
5221
259
5398
26
4294
5525
5230
4234
3121
5759
4016
2207
4893
1801
4352
6530
7496
2680
1535
4747
1290
5382
3917
7369
4026
7439
548
4196
6597
7512
712
5338
4373
2289
2975
6136
2451
952
3911
6967
4185
978
4694
6667
3149
6456
1800
2583
5188
2210
1799
7317
2090
1160
3422
1374
1199
4331
1509
1479
5161
6104
7221
3577
2059
6489
5300
2189
7030
4469
777
3682
6064
6538
5948
7234
661
6385
1422
4873
2439
824
2792
958
6285
3749
4879
4855
5123
4689
4416
5477
542
7293
7053
2745
6541
4581
3753
6658
6221
4691
939
6368
6954
7408
2571
2540
7027
3145
903
3337
2646
1940
7065
1020
1835
3470
243
7079
4084
7156
6353
4805
4199
3051
5067
6096
1103
5903
2596
2536
7113
6430
5511
2803
622
5413
3391
3336
2271
2133
4428
3973
3735
2773
3839
134
7300
6791
3717
327
1209
7168
779
1875
1218
3411
6748
5077
6169
5535
1004
2627
4319
5098
208
1362
3170
4526
3923
7357
567
1074
3532
4496
4478
836
6059
6743
5410
1763
3047
1193
966
1440
5566
488
3331
6495
7061
14
7255
476
4957
6564
3398
6296
6481
6153
5871
5684
2699
5976
2273
5490
2199
4643
2455
6233
3723
768
5348
7368
3335
2136
4552
2740
4160
2215
1693
5436
3852
1358
1156
1828
5262
557
5492
3600
3545
2509
1228
693
3823
1329
1084
2912
3874
4238
5789
3418
6870
614
4638
702
1991
544
5884
3763
6753
3777
5444
5559
4924
6248
4714
3178
2219
6499
6539
5729
1269
1448
2572
3684
6316
2173
5260
1410
2449
7176
1067
4685
451
7365
822
588
1955
6590
1788
3211
2229
2891
4229
5060
5690
1894
3240
221
815
5784
7410
5448
7346
3083
5225
843
7289
4454
4835
5571
3857
7024
6458
2111
2127
6092
971
1648
2524
3118
6938
6486
828
7397
1001
2010
1023
2293
4871
213
2997
6286
5470
4074
1149
1540
3831
3442
3714
5195
3927
6069
879
723
3976
5393
2425
5136
2610
4279
842
6876
1294
4301
1626
7276
833
2607
2541
1527
3896
6143
4535
5449
2677
7149
4489
4620
6509
941
5914
2194
6239
4437
1602
2222
7375
6337
6851
6549
4241
2016
652
1676
5220
1453
2483
3478
3619
1931
184
1635
5963
6773
6469
5085
5495
7521
5219
3291
2859
3863
2944
650
3208
4683
2676
6399
3748
4875
314
2675
7144
2125
5561
6908
3054
193
4209
5005
3710
4622
1809
887
6975
7116
5689
3199
757
4093
3438
1802
3441
3317
6558
6933
5307
2110
3884
5396
163
4245
7286
5274
5266
2724
1136
4627
4884
6621
1390
3325
6414
6282
5806
405
2490
1752
1768
4696
4888
653
1233
4814
4332
3390
7284
5278
1574
5769
7179
1489
5875
3256
6815
5725
4642
6774
7461
4162
1259
4200
7451
5807
6907
144
3343
6990
2164
3916
1645
3850
3032
5059
6868
5234
1728
4220
7311
4304
2866
4999
2841
2372
1668
3573
6301
7299
2109
5070
4785
4665
1806
6149
1341
1391
5419
6198
666
4811
4041
6023
7292
335
6913
1658
1947
3658
2032
3506
4036
801
2660
4390
774
632
7035
935
5112
4751
2448
6019
2926
2188
6012
4975
366
5132
4354
1099
989
4698
6736
4718
2683
5577
4583
5819
1267
3764
2930
5935
4650
4836
4517
5687
4554
5356
2294
3307
1890
1985
4098
3213
6747
3232
4351
1674
5239
6398
6022
5733
534
2230
5761
2087
7382
4744
3233
207
7523
3039
3492
2809
5859
7349
7535
5515
7191
5869
4163
351
5012
545
4357
5942
5959
864
5372
3672
1511
1348
1145
665
4792
2006
1999
4518
7133
1775
719
453
3156
882
3139
5815
3958
304
6410
5014
7001
7046
3819
3365
6936
761
6319
2751
1392
2889
3662
36
181
3327
3651
7479
2310
7170
1212
3357
3005
1336
6470
3356
3435
3370
6031
1288
7251
4472
5544
3730
1921
4226
6963
5984
1262
4252
91
29
3372
786
3339
5054
3252
5932
5464
6273
256
1730
438
5887
5924
1464
5276
3484
6442
113
1547
5598
395
255
5536
6040
6254
7295
3725
5756
364
2259
2783
5443
5486
6266
3597
5655
918
379
1986
2405
6125
5735
4329
6978
1434
5951
3793
1282
7452
6714
3982
1871
5582
3474
6329
206
5954
3041
2986
7175
2283
2719
4769
7326
2631
4941
4534
3716
5000
6601
880
1631
4891
6760
7206
5206
1712
4780
2056
415
6068
6668
6429
2251
5417
3861
4300
3987
2064
596
4902
1515
5746
1958
5058
6084
2479
3160
5153
2863
5088
4699
4819
4060
1644
4228
1258
4527
5397
2867
4046
5455
2378
4972
5638
4070
5186
6121
4152
6276
1462
4721
2670
4361
4429
5764
2824
5103
248
4096
305
1747
816
6839
2842
6613
7499
690
483
2082
5423
3427
1013
6231
5287
3905
7242
2237
3157
1751
6840
7091
1636
5446
2996
6370
4410
2303
1507
1656
1106
4389
1649
7488
4449
2696
4720
4116
2721
7363
247
4237
6653
4708
5076
2275
7266
3126
558
175
4593
7212
2788
6258
2292
7282
949
3941
3141
2011
1504
7077
5018
4963
6623
4640
6585
5715
4861
736
2350
3334
5433
726
533
5476
1926
22
2845
6546
1475
2102
6010
4033
4506
5718
5790
977
474
456
2108
5619
1665
16
3875
7248
1757
1406
2447
7372
3089
7049
905
2115
7528
7526
6009
6532
5155
4969
5740
578
6335
3637
3034
4246
6802
6780
6838
735
6272
4371
6937
2958
4796
1122
3116
940
1491
1471
4313
1260
2983
3197
6510
3200
6690
2435
553
3814
7275
5454
6596
792
3316
5065
5651
3598
6962
3136
6415
4358
1427
5391
7252
4215
5259
3179
2828
3434
7274
4802
4508
2632
7268
1140
4442
3992
2636
3217
3260
6211
186
5303
1059
4946
531
5691
2545
7298
7462
3430
592
7411
2661
1129
4025
6853
7267
147
1413
2061
278
3613
4677
862
5599
6932
3834
2169
2309
5447
2609
4069
4587
6528
5475
4967
4948
6925
5556
4121
1613
118
6767
1455
1426
1983
737
5793
6436
992
6578
4519
5751
5247
3596
1533
2703
1628
2132
4441
6807
6831
1716
2256
6702
164
4767
2819
34
5910
2428
4543
3111
199
7236
2953
23
1478
5637
703
7025
2894
2384
7230
1779
3687
3009
1278
3414
1085
7516
6779
923
6324
4175
6247
2085
5334
963
3456
1618
4265
7335
4108
3077
7106
6066
2686
5826
3779
7031
2623
1885
4695
7480
983
2462
1954
6496
111
442
837
313
1281
2580
5780
6872
5584
6174
6694
5387
1058
6745
33
4729
4813
4845
6305
3000
66
6387
6090
6513
2361
956
6433
412
4003
5523
3444
486
3088
4225
5267
245
1326
3523
1576
5602
4533
5485
4434
7217
1206
1629
1195
4502
1147
2528
6754
1319
169
4921
61
1845
4249
2072
5717
1971
368
4901
5313
3729
5955
1876
275
1109
2485
6845
4360
246
7211
2574
3620
3244
5843
881
1151
5706
5549
3396
6131
2217
1898
410
2481
2027
6474
5620
4595
1746
5110
1593
5401
5533
915
1143
3974
6738
5589
6446
6707
5877
1923
4754
4155
3371
5956
4961
3132
4614
6687
5854
6652
6830
2569
2614
1033
3215
3698
428
4285
1423
4207
3664
3659
6325
6881
3702
4584
954
2154
4264
4286
28
973
3980
45
563
1679
5315
358
6500
2023
1727
901
1609
3174
1032
1610
5468
2890
2037
7007
2093
4042
1901
3807
6902
6235
5628
1480
1257
289
5971
2145
2117
7208
2734
4287
1273
845
5037
2807
6993
5007
2367
1316
5632
2514
6326
4988
3516
6708
1922
6508
3902
1210
3593
5624
7216
4776
1517
518
1365
223
3996
1912
117
4679
6243
997
2331
2537
6196
623
3788
5121
6219
711
3715
2231
2048
332
6655
5235
13
3926
3742
1061
3426
4501
827
6290
933
3822
3190
976
4115
4138
3241
6435
3448
6086
4735
5024
556
4398
3633
4541
7202
4047
4959
4738
2873
4262
7010
3785
692
658
6733
308
3638
3581
1112
1549
3894
7129
3168
5972
7390
4660
5669
1796
4878
1271
6126
2051
6386
3386
4938
1296
3543
5106
4637
7115
6606
337
396
3501
4890
6428
4430
414
3056
7081
2568
5008
6885
6987
4910
4829
3932
895
568
5006
2170
2909
3667
3146
100
5645
1973
4789
1486
3569
1959
3544
1781
3876
3353
7249
3526
762
1532
4507
3012
3514
3919
5163
1619
5240
3849
5218
3259
7364
3124
1904
522
7320
6004
1673
5830
4830
1090
6689
4272
3493
6333
6534
5270
651
2947
6087
4206
4821
1031
5460
5872
1900
1791
7036
7193
1864
4606
7279
497
3768
3058
2113
1394
2471
599
6328
1937
467
2342
4702
7174
5261
1174
1869
3842
5424
4475
3829
670
3101
4680
554
3934
3993
5095
5258
2855
926
3085
6269
3938
1236
4926
4903
5093
5084
5674
6260
1055
328
5339
2178
6732
2134
3359
3571
1810
2019
5087
4316
3135
1769
4757
3812
2752
1133
730
738
3004
1607
2460
1583
1899
7138
176
1046
3063
6361
4230
3167
4450
3835
3290
6842
571
133
5603
3562
4758
2519
1006
2939
3346
6598
7370
5402
7315
3104
6348
1596
80
3868
2382
5150
6304
2946
2678
4598
4394
2603
3416
3311
1321
4142
7076
4190
5471
1789
1804
6972
6848
6515
4812
4253
2404
3421
5
5581
979
791
5916
5484
506
5210
4346
5025
5587
2063
6676
4295
5978
2472
3681
2306
7161
3489
6359
7177
119
4095
3746
5113
1476
806
4949
6620
4662
461
5263
1868
4012
4278
204
1856
7098
7162
3366
4461
3564
508
1492
3559
1340
796
2246
2179
4418
6077
7380
5623
4987
4221
5727
3115
2564
5969
3604
6114
4370
6810
3897
1994
2302
4914
3508
4218
5666
6271
4939
4962
886
6679
4544
5823
6673
407
3635
5429
2543
85
1843
7087
3467
3893
7518
4793
485
4259
7120
1760
2198
2168
6057
5517
1997
151
2880
3379
4396
2205
156
5825
6268
7074
7083
6557
3983
7457
6824
6991
2392
4139
6032
426
7243
5068
2893
2808
2209
3899
2897
2674
5302
5995
1851
6654
6242
6757
6630
3385
1292
902
4932
5892
4755
7465
6639
137
5989
4456
925
6917
5913
469
6201
7280
6036
3922
4817
3084
2594
1167
7389
6388
6154
4091
6664
2852
4385
7361
7288
4334
2018
1780
1740
389
7210
4143
5990
4889
4126
734
5709
5567
4600
6846
4686
3512
520
2717
5480
3242
1221
1982
1204
5744
2742
3420
5532
3087
5498
809
5212
21
2542
7332
7157
6904
7000
4040
6850
5992
852
3999
7118
3487
2735
1370
510
6719
7026
4293
116
3304
425
4320
3302
2562
5600
4765
7073
6453
96
6533
5265
1977
811
5229
900
1573
3542
3692
6649
6292
625
86
1081
4580
649
7163
4078
5196
50
1052
1141
857
4179
3185
6636
7101
2611
7340
5970
804
6477
2403
2705
3689
2641
7527
3243
99
4007
62
90
2831
6391
2888
4592
678
1603
7398
3284
2086
5284
6194
4979
1111
7313
210
5798
6657
1642
3177
6204
3226
6721
1689
5509
5545
5105
4937
5268
6801
5832
2802
5842
6190
1943
1543
7111
7493
2833
3254
2639
295
1250
1192
5820
552
2982
4147
4512
2550
5459
5931
2978
4631
5360
5782
6202
6327
5400
7520
4425
4309
2853
4405
6493
4822
2060
2932
6899
606
4468
2445
5442
2791
5915
2084
1578
4217
755
541
1650
5479
2456
5407
2092
6483
6459
6834
5621
694
1196
2822
2694
7182
3567
3159
4239
2925
5365
3071
1820
921
4566
610
3784
5673
1963
2593
126
2067
3263
7327
6770
4872
5607
4227
4772
4
3936
5530
6634
353
1662
5465
5564
4409
4017
5557
2182
1794
2810
4323
4299
1465
2181
3271
936
2553
9
5899
2520
1011
3066
4205
6051
48
5431
2204
2753
3238
7391
551
3978
125
4326
6879
3909
2257
1350
7164
5143
3949
1075
1773
7167
6006
1776
5217
5546
4833
2376
2628
2130
6921
2506
2877
4427
2299
6420
4172
6560
2566
4565
1469
263
1902
6912
1327
6275
5482
198
3030
3524
1895
5445
2762
1721
6152
4213
1682
3594
3354
6050
1239
1040
6262
4113
3350
252
42
3810
2515
2793
4840
6837
7329
2097
2815
5171
2758
2031
1568
4510
1349
217
3931
2872
5840
570
4912
5618
5328
3804
2461
5816
132
4943
6056
219
934
3439
1928
4601
2883
5863
3040
3652
5570
4994
2615
3499
3061
7473
6587
2250
6563
4804
1989
1702
