9886
2398
7209
682
2522
9604
3756
7513
3714
7711
4365
6772
5476
2353
7884
7946
4516
2964
6066
1424
8411
7586
1248
8404
4798
5641
7179
8656
7016
5661
6727
4736
239
9461
7425
9298
21
8910
5936
2408
6678
4806
8727
3560
2896
1493
2627
374
5688
6408
3282
2035
359
4901
5325
6579
5298
6830
8211
7046
7441
8801
4820
7339
6086
6584
305
6433
6872
4247
3818
2209
2381
5262
3203
5365
1877
3974
5561
8848
5043
124
9368
4445
5185
9760
9721
4414
809
5500
4912
8160
7439
5984
243
4738
3682
2944
2351
9403
198
7127
1313
1293
8690
3700
7732
7291
5568
1759
4299
148
2105
3834
3795
4989
5341
4962
6889
911
4318
1944
8361
2338
5296
2263
6401
6496
7258
1701
8144
4948
1237
2705
8812
1498
6937
1899
5107
2936
6097
4895
5224
2244
100
2396
6529
5166
759
5710
4789
6304
7522
1860
5592
7044
8733
4848
2352
6682
9769
7479
5307
4700
8813
7050
6617
3866
3420
6057
5412
6603
2215
1155
4029
7403
3695
4456
9210
1090
7482
9653
1569
5952
6493
8996
5452
1706
7646
8430
5020
1955
4425
6262
4920
2792
4646
7956
6190
3934
5450
8264
8929
6061
2982
2135
6597
6120
8307
5426
7207
6080
7824
2654
5791
5078
5776
5425
4884
2865
4827
1833
7325
9139
5042
9052
4846
3370
3039
761
8906
5359
3099
8043
7578
6648
1156
1603
9125
9768
8712
5257
9612
2640
1107
6340
8940
275
8870
2552
6549
4144
9015
2833
9798
9396
9278
7940
4786
8887
8515
2541
3608
9131
6284
4487
1143
8054
8822
9213
2781
6519
8978
3873
8111
1069
8217
6088
5822
8303
1900
7144
8875
6987
2485
8930
8080
4180
4930
6687
7994
118
2995
171
3660
3833
6781
6339
4042
2471
404
7147
3483
5830
2223
1275
1123
9148
5167
1439
8121
4919
2610
2321
7334
302
157
5385
1365
4123
4356
1854
1565
7196
7839
56
4286
4492
45
3732
1947
8824
6815
673
1059
6826
5095
5536
5173
4141
2677
4718
4152
9808
382
4074
6205
3707
5812
7776
1692
1935
6843
1338
3789
5962
409
1649
7401
2314
7523
3619
7533
2481
4440
2904
5588
2266
3530
3030
8613
1953
6754
6090
1436
4926
6073
6007
3315
974
5003
1459
2699
8410
6505
2626
2259
6303
5678
2946
2558
3092
8077
8584
7282
1271
4337
5707
9645
7243
749
4345
3907
3971
9617
2838
8127
865
942
6163
6554
3996
8375
2869
9379
5163
8803
3688
4181
7276
8683
8640
6966
7687
8761
6195
5744
2104
2885
8065
6896
3808
4824
9092
8378
6010
337
9189
5100
999
1780
4959
4097
8208
429
947
8675
1621
8531
6679
4032
7686
8057
6443
3209
8747
2168
727
207
3610
706
2533
7947
7764
3699
7903
5511
6855
1690
5612
5008
9479
3041
6026
6157
3607
5230
2080
2998
8890
1802
4856
1997
4542
5345
810
8968
3220
140
3505
6015
8185
1515
3105
5699
7834
4871
7382
31
3743
9464
9354
8830
5089
3639
7565
8559
193
6428
554
9520
1702
2746
1449
8133
9572
8237
3569
44
6978
1810
2130
4187
5315
4923
4563
5349
7640
4051
2701
2368
6510
1200
7002
3702
6521
1169
5527
8253
9062
8146
6799
1803
8461
8454
7984
6638
976
5704
7535
6142
8651
9154
5101
7975
3065
9369
9263
9449
3471
8343
962
1568
9107
4654
57
7655
1425
6186
4392
4447
7313
8161
1824
6669
3504
7600
1570
5210
1680
9134
9588
5582
9638
8676
7906
5433
451
9737
8783
8100
6866
669
9483
4435
808
5624
7670
8076
5963
5310
9224
3589
8521
765
362
7448
7668
1630
2154
5687
7111
2855
8666
4544
4183
2971
4459
9227
1712
2152
3810
7395
7851
2934
1919
8630
216
8085
431
2462
1931
7922
227
3948
6288
6301
7937
8305
2129
8933
4402
5057
3739
2440
494
7301
2884
7789
7998
7510
3205
4778
8106
6068
7900
7546
4055
105
8603
174
8621
2967
7729
7761
1302
3891
7286
4340
6720
701
3355
6392
7838
2305
3326
640
1088
3182
1266
849
6225
8047
557
4361
5222
1561
3016
4186
434
5
9441
5738
7193
979
6822
9840
4625
921
2195
7665
1000
5070
1212
6112
3091
3008
8267
3555
8048
253
2422
9666
6231
1060
1755
592
529
9270
7542
7630
8917
9696
3599
4427
6851
3042
1585
1882
905
2568
8799
9220
5329
5917
3591
5483
8715
3402
2902
9654
6243
5883
6113
6535
2905
5566
5060
5651
7389
5416
4653
5708
2310
6227
6208
426
652
3410
4136
9477
4416
2354
2870
8554
3231
6347
967
5736
681
7902
4766
9809
743
3052
7033
4645
2817
5907
3194
3856
1172
3442
860
3686
3300
5497
40
9284
74
9587
9249
368
7709
2535
3262
7514
9251
4972
2698
7772
2386
8762
2149
9161
8547
8269
7309
192
2901
838
4296
7156
8236
7777
312
3053
651
8044
1887
7245
2631
1254
5800
8673
4662
2451
4587
4398
5515
564
8539
5081
4199
7965
6540
9346
7372
339
9749
6712
5147
1639
6206
7221
6880
7931
9415
930
203
91
7695
2278
9413
5447
7049
8210
1732
7848
5760
3701
271
1978
6273
7180
8905
8425
4494
7603
9209
3868
1461
5655
8214
1637
3026
8538
7536
8778
1867
965
5552
4142
8206
5887
7203
8594
6150
2513
6718
5896
3310
63
4371
8893
655
2356
7521
6274
3954
1869
1611
3202
6354
4642
199
8444
2862
8484
189
6728
6233
3071
5669
4874
3436
3446
2312
450
667
9525
9691
1653
6844
9773
7731
5124
4936
4341
6971
7468
4434
9440
8231
7841
4367
5607
4939
4833
2363
6199
8948
5544
8019
1533
6023
3469
2285
9764
2367
3394
7208
1767
9530
283
1889
4024
3401
9099
303
8145
5579
7434
2208
8692
3415
3351
9635
5244
3325
9144
8832
5323
5355
371
825
3323
2954
2684
1689
2282
8517
9024
1521
9681
9498
4005
1891
293
1815
4911
8479
201
9407
1554
5380
7846
5673
5094
1036
4213
364
897
909
8898
246
8086
9488
1173
3211
7121
3417
8016
4740
8903
6811
5620
7750
7632
7612
6602
2424
3129
59
9481
3690
1049
7999
2643
7556
4122
1864
7081
9208
2563
215
1605
3087
4978
3957
5487
1325
6619
3075
7385
268
1936
5406
3975
6381
2692
2740
9317
783
7182
3045
2734
3068
5877
5223
6805
4270
1453
8000
2015
1322
456
4593
8477
177
3428
8835
7131
5610
601
3918
2495
3438
5956
9828
2731
2146
5146
4174
5702
5436
9874
3972
4300
4376
9402
9095
7119
2479
6045
5096
1183
7483
3545
2221
4991
3214
4442
3072
7739
9717
1216
9728
948
3843
5502
8902
1463
1328
1977
8440
3993
7079
7062
1020
6356
2443
6504
7837
3302
7032
4257
9662
1691
6624
9486
7703
1403
2107
7235
2297
2625
9655
2898
2165
8348
381
3426
8308
8636
540
5826
4683
5148
8391
888
6913
2346
4326
2886
700
4091
6044
7481
3249
1330
1121
1426
5574
7528
2181
6652
4953
352
6958
8754
1730
5833
5595
3902
8920
8134
9821
5393
156
6562
2617
3133
393
349
4072
2144
4479
8611
2545
3807
1516
4556
8774
7035
7363
173
5228
4647
3378
8668
2662
5062
1779
7298
421
9338
7852
4578
4310
3097
8101
7191
299
493
2262
226
1643
6487
7141
5035
5063
4510
9377
4333
5477
2758
77
8615
2389
9786
1145
9259
1207
13
2397
3534
8351
5559
2002
6852
8469
266
4520
3932
3935
8505
4994
5946
6222
4288
1587
4933
308
6175
316
3579
5211
3484
7866
9328
3882
4014
7933
9308
2066
5169
3388
5493
1265
5658
6850
4897
6145
1671
1892
880
1196
497
4886
8992
7264
6993
43
9876
6738
7503
462
7274
9569
1345
2455
9147
8142
5697
9207
8061
7082
3895
9867
728
3490
2531
7376
1029
4650
1085
1219
5636
1758
8056
4282
3292
9149
2868
6327
8581
6532
2771
9374
1928
5892
2710
1042
9791
1316
6335
2986
5045
6612
4858
5179
3580
5875
6665
8951
619
3178
8365
6119
7186
590
3280
6486
5068
3583
5290
5942
8493
7559
7474
9799
2388
9489
9242
4061
6664
9292
1509
6630
2157
8944
4448
623
7809
9066
5741
7908
6511
7962
4777
4640
6043
7875
7746
8205
657
7070
7771
2840
7242
7194
2153
1560
7068
5466
7110
3069
9285
7792
5575
1545
9803
3793
9763
443
2313
914
8316
3797
7790
2570
4113
9055
9683
8238
4721
4137
7726
7230
4535
8159
9384
1094
8035
3804
9371
7185
7878
1093
2780
4439
4232
4980
9237
3206
1097
1261
3165
8649
6110
6909
3978
4675
6155
850
3595
9578
6757
7155
5271
1084
7629
9736
9200
1016
2548
8533
7606
8961
1700
3518
8431
9622
4601
8465
7467
7607
8455
2753
5991
6688
5072
8292
3708
8178
3977
4049
5801
3953
1104
3618
5653
9348
4562
7515
8018
3335
16
128
4413
8524
9699
2834
1304
9436
3998
9070
9559
9630
638
6430
3094
4941
4268
194
6283
2872
8723
1724
4086
6621
3815
8818
2980
4977
9545
5739
9178
1524
5829
3204
2450
346
9060
2765
4956
1174
4079
9641
6996
6777
8776
8729
9839
7733
8475
7080
8419
4239
1480
9053
671
5049
698
3263
1686
9201
27
9561
9110
6509
5079
1099
6591
4551
1607
4094
6885
6409
7967
8828
5775
8470
4237
2347
9112
7184
8580
8084
6618
1407
5993
2938
1503
92
130
6758
3611
1772
2651
8304
7787
8083
7509
711
3390
2947
3643
8907
3731
2843
2160
5556
7508
2033
1440
6881
1417
2649
635
1144
5748
2374
3706
2202
2362
4443
5015
1447
7020
8340
8576
8460
9172
7304
1386
1098
3379
495
3626
9807
2943
2874
2412
5677
4393
9297
9365
4688
8126
2826
235
5727
6166
9647
3266
1409
7753
9881
3256
8462
1476
6171
5305
5860
3493
6417
8496
1
8278
3230
8370
1996
644
3137
3680
7587
3769
9345
6126
9465
7516
2021
9152
7461
6082
6979
2004
4058
1299
5584
3509
9844
5372
5788
1329
1194
8032
1658
4863
4678
8510
24
6598
8314
5441
4382
2584
5368
7579
3460
2180
3578
2139
7212
5539
8989
537
4351
310
906
1087
8738
6442
1514
4710
7505
416
902
1007
1895
5803
1035
8734
9745
4212
2205
5947
8261
9576
9344
2655
7520
3104
8301
6622
953
4242
9363
8833
1873
3563
9676
2562
9047
8015
3444
8095
6526
7945
5562
6016
7849
2133
7278
4839
2425
363
1557
4452
2823
6907
665
2357
4238
9019
3806
2189
6546
3020
2983
4001
5999
4691
8326
1482
8124
658
5789
2760
9782
2975
3237
3788
2253
543
4156
5986
5197
1838
213
719
5176
4095
8129
163
2637
8522
5988
5753
6491
1204
2309
1454
6645
4719
1954
4787
8052
2142
848
6363
5835
2523
8376
1785
5640
3575
9129
9544
8498
5348
7359
533
4709
578
2302
3059
4634
1791
8500
4088
9762
884
1749
9495
9818
9228
280
4661
3383
6792
6376
4764
277
647
122
5913
2358
7853
9802
8852
1383
806
6394
643
1788
8856
9164
1604
7755
8094
4184
2516
2260
1300
5297
3177
3143
4222
6984
1530
7609
8504
348
751
7491
6589
2968
9581
6926
4500
7930
17
2666
4033
1278
5255
2652
586
5216
5646
2850
3748
2913
7428
4580
5949
7308
1471
1946
9852
6558
4
1574
9049
3936
2445
162
4114
515
3376
141
6681
1379
3898
6405
1938
1765
3158
4468
5689
6725
1599
4636
8756
3195
8400
4561
1197
9813
1406
6258
4234
5427
3516
1260
7548
8846
2390
7694
2089
8985
8698
2821
5354
3429
6111
3905
1738
7323
5692
2086
6770
8998
781
2446
2040
3927
6761
1082
1193
4696
7916
127
7411
5797
7100
7232
1106
2288
3150
1525
3515
6346
4893
4275
9321
4505
7645
2226
8319
1693
9710
2012
7880
6685
2937
538
9794
3226
2394
3477
6545
1228
2524
2725
2062
4109
2955
1298
7223
85
9197
1344
9008
8377
1382
3777
5596
5288
776
1577
195
7552
9586
4364
2452
5510
2489
1008
9408
233
1753
9184
5774
211
6330
8769
6667
9884
4276
2969
1152
2179
9416
5490
955
2442
419
7370
5055
752
5553
1857
732
1980
8815
4065
2633
4881
5367
6724
8024
9405
8991
1050
8707
2648
9650
6699
1705
6235
1470
8399
1586
1170
4976
1676
1220
1089
9238
3703
5667
7285
2732
541
5608
6977
2773
98
2429
5550
8960
2600
6334
2754
1501
7941
5546
2214
8795
2497
6348
7803
2510
7924
2407
4918
5848
3123
9472
3208
6516
8568
2831
5151
8787
2228
8757
5027
6768
5106
6555
1011
7188
520
7471
2329
6968
7075
4308
2657
758
785
2923
7658
3407
1720
3362
6599
2174
5632
5713
9361
32
4410
3170
7347
210
3147
1319
4910
5379
6129
134
6537
7040
5790
8950
5059
4214
8896
5311
9853
2941
5374
9331
1647
1583
1290
6660
4907
501
8546
616
3609
4168
9380
4407
2569
7813
1962
8091
5030
4206
1571
3687
1782
712
3485
9404
3296
7494
475
7532
4973
7310
2925
153
1966
523
9634
5576
1762
3027
4368
1683
874
4997
7475
117
5127
4771
9114
1179
1793
5557
392
3126
5465
5609
9204
8867
6241
1205
3124
7028
6902
3800
4115
5133
3357
9469
1952
4387
2538
9523
8765
5912
1270
8342
7554
4349
597
1667
9778
5266
5613
5834
9639
4216
413
3391
7260
3616
353
6445
583
2544
8011
3120
2839
1914
3186
6424
152
8446
9682
6117
3368
3192
9080
3755
2550
3457
9823
8794
8664
4041
6450
2680
8182
4287
8257
3482
2717
9126
8183
1142
6607
779
5428
8409
1540
2526
417
3168
2185
8599
1491
8045
7373
6223
8702
7189
893
5134
5690
9500
4788
2410
7756
7407
2803
6690
7571
2469
5144
1796
6152
8807
2906
9120
2564
9730
1703
2903
3985
9116
2373
1495
2067
4996
3566
8597
9137
3828
3257
3550
5694
9733
4611
9868
4916
659
2988
6809
1384
6314
61
6253
881
4309
1992
6833
879
5906
3713
5026
9236
5278
6138
1831
9701
2707
2482
3596
8797
6465
1192
1015
7130
4857
7412
4975
9336
4768
9757
9506
1101
5805
6784
2023
5820
6766
9476
3424
6658
9548
9203
4496
1842
9517
855
4169
2881
4813
88
2917
4149
1741
1963
9631
6719
2894
8458
5314
8880
2632
9046
6627
4195
5160
1272
1263
3491
6860
1483
2369
4027
7614
793
6351
5397
7735
3513
4666
746
498
2656
5069
5272
6565
4483
3473
8632
691
9223
6747
6832
8029
816
8397
1240
6580
8540
2256
9034
1222
7138
143
1602
330
5846
7987
1940
261
3125
960
5019
8954
2454
9590
4485
3874
7918
5627
6775
2211
3785
3921
5495
8518
2953
168
3684
854
6367
4969
6695
9688
8605
6981
3252
8688
2622
9191
9845
3487
7811
7368
2681
1206
2372
5506
5242
3651
8784
7672
2528
2387
2609
2500
6247
4009
4204
8519
1387
2895
4293
4902
9265
1039
6639
4979
5113
4984
9618
8879
505
3853
526
4627
2735
1917
7343
3645
3154
7558
739
7988
9582
8313
9341
5916
4125
5761
1422
8287
2029
8013
388
6305
4943
6285
3858
4995
7214
4411
4446
7084
7909
6762
8053
2405
2344
2255
5474
2490
3225
3852
8644
6342
3338
5904
1127
8706
2099
7995
800
7590
8457
2879
4974
1186
3459
9194
6337
7682
562
3198
6571
8557
9250
4453
3062
1797
9458
4260
627
7596
7527
7369
6296
2537
560
3117
473
7765
1444
38
4584
228
4667
5533
6933
6245
1845
9133
7
2592
7162
3938
8357
1176
5187
6547
6165
9614
4837
6333
3006
7939
6581
4878
1291
6213
9870
6870
615
7421
7327
4319
4922
2572
1246
9574
7684
7699
5730
2036
9493
3870
831
6740
5878
2121
1913
7874
8471
5316
4298
1537
2829
5499
3679
460
8684
1118
7458
5306
6353
4147
9793
649
1477
5828
8221
2169
1640
9563
4938
1315
1456
6072
6739
5997
7311
309
6114
4454
6030
7599
5891
1294
1166
1464
5392
4745
8697
525
9054
5600
4657
9556
6700
1830
1460
3437
2520
5029
2006
4949
4344
5398
987
2790
8710
6836
6201
4951
490
6085
2685
5961
6352
8338
6431
8658
7442
8229
3313
6034
258
7842
639
9006
9160
6293
4012
407
8984
8724
1848
4350
2664
3967
5924
3155
9412
8667
8709
5813
478
952
7217
725
932
9352
1651
8669
1859
2306
7597
2819
8823
8417
8925
8965
8974
1711
4294
1114
3217
4471
3063
6967
856
2186
7561
1751
8438
8623
1809
9536
3556
6576
1798
4006
4626
5299
900
2275
3449
8385
6412
4746
2392
5154
5112
3314
8798
2989
9256
132
3577
9600
2959
1546
697
5140
440
8511
3324
4841
8543
7140
9434
7066
2136
8501
8926
774
8452
8790
6625
6911
6887
2483
9089
753
1777
8983
4909
386
9636
1752
3963
5370
939
6210
5660
6252
5509
2951
1722
2343
762
8700
3869
7277
3904
3960
1416
9755
2638
2073
4259
6986
6864
7891
5390
3586
7796
2682
9313
6541
8601
1993
3219
1903
3011
2751
7663
317
3005
9293
5064
3677
6657
4619
2071
5937
7847
8271
846
9855
6361
1633
9165
2296
2432
8655
6914
2748
7845
4602
1071
5591
7449
2127
7568
3694
6437
5733
814
830
8069
1031
6256
7048
513
9463
8579
447
7706
5517
4676
8802
5191
2100
1710
5034
51
9326
3689
6631
9335
8942
5456
5091
5666
1309
3246
6176
6278
4687
7314
8876
7538
9861
8704
2257
8945
5369
4217
7091
7934
4102
4420
5635
2818
8036
3588
740
1305
521
8226
7375
6471
2400
3837
6735
1698
66
47
5291
670
970
9215
175
6749
4511
4258
7540
1874
7621
4248
4026
9439
674
1626
5460
3950
4081
4056
5321
8041
3776
5524
7254
5501
9609
9216
5440
5084
593
8200
3479
9515
5048
5742
9594
8062
3332
6133
1419
1159
184
5705
2088
8104
2207
7763
993
2236
2360
3527
4523
8721
331
6593
4438
8213
4814
6834
8884
9454
6184
2336
1157
4450
9038
5484
9480
6813
3497
125
8263
8858
4567
571
457
9235
9347
3048
3333
4514
1262
7968
7473
1806
8572
4089
9606
9435
998
8055
2382
2269
2591
1432
1786
25
500
7588
3831
8115
8759
5714
9661
7143
7544
2
231
2981
5857
516
9097
7784
3629
4744
2635
5164
4530
6108
5519
5014
3267
2708
7730
1721
411
3624
5749
4791
6827
9375
612
2575
8575
5755
2235
8245
7537
1742
3212
1257
1282
4489
603
7001
3763
3397
7307
6239
1057
8413
5413
6594
7827
6370
6028
1404
7381
7132
6560
5250
5159
4457
3353
6393
5532
1394
4758
3981
1816
7204
2893
8189
3023
8168
7545
5649
2366
8448
170
4274
1139
6502
151
3149
5343
3070
2031
1041
9269
4499
6552
852
6988
4638
7754
9005
892
8040
6425
8096
3334
6382
7615
7825
6788
9514
1761
1665
8315
3517
2543
6661
8838
6663
9429
3480
3222
8886
8187
2444
1679
2992
9833
2150
2254
9078
6894
5731
4011
9121
8063
2494
204
1489
1840
4521
4062
6500
2192
8384
2999
1423
8661
8507
7256
167
6276
9021
9446
2900
1110
9471
7737
1233
4913
7913
1961
9211
1934
9766
84
415
1481
2663
1670
2217
7747
6291
9584
8558
4769
9230
6490
9820
1150
4828
7886
3872
535
2929
788
7826
6462
2505
1949
545
5841
2661
6204
6922
3685
6306
4880
9787
2679
2158
1163
291
3842
3122
1850
7950
8819
4132
1517
6106
2461
9056
4608
5126
4560
6626
8451
4046
1904
6634
8113
5634
2554
4150
1168
1606
1870
3919
1502
285
9387
1609
2005
8426
3565
6317
7005
4628
3997
961
2245
6299
1697
8696
4711
6100
6277
3044
8415
2335
8310
2172
9502
1713
9591
8093
9169
6647
4070
3321
8424
9831
2587
160
8768
5366
5239
2325
1062
3190
3944
5183
4517
6794
2866
693
4246
6839
2787
1851
1478
6025
358
991
4281
4629
4322
1532
4198
6
6062
2859
3786
8577
1277
3924
8537
7261
4076
5099
3101
289
3521
6197
7854
3297
2183
5394
3409
7964
7344
7006
1494
1668
5663
5922
6458
2832
6076
1189
1435
8608
4782
1531
9816
1853
1334
6323
4314
4052
6615
9082
7620
8682
5294
6074
7745
1063
1009
9865
3015
4877
5077
1617
8171
8657
3878
7654
2515
4106
8108
916
7135
8941
159
6230
805
3441
4202
9283
6060
8499
6841
7450
9007
7742
9296
5381
7227
422
3725
7890
6534
4243
5396
8362
8110
6746
2774
4793
5807
5793
8578
731
9018
7293
4388
3396
4179
5827
9494
2653
2557
1839
3176
5082
2945
9221
7228
464
7216
412
2283
687
8671
7300
4262
1117
5792
9111
9776
3666
8118
4426
4403
5998
645
1474
1564
6149
3846
8390
1566
7118
9857
8502
5818
188
437
9616
8234
7759
4449
3968
5461
4117
8249
626
2093
737
6083
5630
3557
8977
2730
5626
550
5234
5000
3175
1827
2676
1725
8705
8180
9337
2037
699
8300
90
8082
3867
9656
383
5889
4574
4899
5208
7795
2264
851
7169
2194
2419
2977
2618
824
79
3823
579
5520
8318
2403
6036
4834
1592
6128
7766
3274
5662
3648
328
9315
5260
282
889
7176
4942
6756
7145
6654
2480
1595
1370
7455
9557
2634
6570
1539
1635
52
798
2581
9382
7096
6446
380
8203
1348
4120
4053
5021
7094
3371
922
2887
3525
4637
2026
5847
138
470
1836
1945
6435
1366
2727
6680
1865
7870
9511
4230
2060
3056
4040
9547
9732
5873
4105
4405
3031
3675
1213
326
4934
4582
3
7785
1736
4140
4525
4594
5358
920
4631
4888
6915
646
7031
4603
6474
2281
6691
664
1601
6573
3986
6764
322
4669
8006
209
7518
4022
1073
7060
3356
8328
9127
6432
7828
6065
111
8282
7424
7905
3536
3492
9362
4579
5693
9329
1717
1526
485
394
604
675
8949
7904
9669
8536
6974
3232
4741
3855
5964
6220
3001
4547
2122
4484
465
2206
3067
3894
8107
6168
1058
3668
8844
6865
5304
4121
1457
441
7500
6790
6857
629
6629
5158
6596
8243
7297
5065
7055
3562
4431
1301
9214
4615
1581
9643
4170
4779
1024
7966
448
6785
33
7679
7667
1518
877
5953
6211
3991
8153
8506
8097
7444
7064
4592
4742
9141
9394
7350
5386
5996
8883
2747
8737
3890
771
6390
6336
3980
3627
8169
1582
8204
8494
1133
8355
5618
1448
3860
4363
3839
511
8482
12
3780
9739
7691
9397
4818
433
4331
2224
9016
5171
9073
9109
5429
2539
3594
4218
1054
9090
7659
5716
9119
2339
7804
7618
6064
2996
1043
9542
7901
9540
5619
1411
4503
2948
1634
2008
2477
6164
5971
918
3559
1866
4241
8280
8703
5196
5819
4583
2686
3817
9626
5633
8921
1688
5002
9836
2805
6420
3781
8078
5350
6011
9241
2065
3729
5930
9044
9722
4236
2695
8464
5939
3043
5548
5236
8937
705
5209
8634
5028
2846
5235
7041
202
5273
5117
6439
3380
2560
3276
7104
5871
4937
3082
7688
4776
297
656
8364
2011
6093
9188
2161
811
2852
1164
4538
4175
3917
890
8786
3339
6900
7053
8403
6321
6134
9858
5050
9665
3312
4656
7502
8412
5090
3989
6798
3813
5246
8635
4034
9355
1352
7030
1390
6736
6056
8788
9376
5534
1863
5292
9255
5769
2697
5032
9068
628
7086
7797
2518
534
65
6773
7656
4437
9445
446
8840
6601
9151
1879
3157
3309
7705
7406
7356
1245
1835
8670
4524
6824
6686
1362
5360
7270
618
5729
6980
9501
99
8859
2957
3990
8067
2706
8663
8986
9507
8014
7862
1534
8560
26
7469
62
7236
1878
2919
6200
1321
4504
9550
9632
8935
2660
2601
5675
7446
8402
9570
2108
6817
8064
4019
3602
2791
2230
9715
7959
7451
6698
5229
4200
8398
2464
5332
2241
3406
6416
1398
5114
5799
5120
5213
4233
9450
4935
9750
8109
787
9568
6386
7263
5786
9063
8716
3404
1400
7885
6362
6480
1038
8070
7676
5978
1287
2075
9275
883
8248
7562
9332
7418
6000
4830
8694
5373
2836
6760
6954
234
8251
3468
6267
2143
3794
3698
6308
5967
3032
1131
1333
9098
4944
4620
5720
4008
8654
5684
971
9623
5931
7779
8172
5555
5530
4226
1234
9039
119
7553
636
6901
6731
8429
3349
4194
1391
5111
2636
972
8681
3103
5959
5391
684
5097
1856
3570
2499
2416
818
154
9508
3691
8742
6513
4289
4903
4315
2642
4892
6957
4285
2020
8058
2908
6202
5695
4585
7489
9299
4803
2401
4151
9057
8695
6137
9467
278
6778
4155
9580
866
2472
8151
9037
6972
3478
6402
6991
1034
5823
2333
3692
5347
4767
4482
1389
3109
1790
1510
1217
2555
6666
9806
3875
2074
357
4792
8864
5717
2540
1687
609
528
2101
8994
5603
1645
9254
2722
3801
4810
985
8660
1695
1251
6240
5478
3598
6251
7149
2559
4759
1128
1662
3767
1111
791
6522
9128
7171
301
2378
4684
8922
1737
1452
5036
3886
6358
3681
9022
2603
6143
8792
7173
3305
2111
1337
8791
2376
8296
3363
3503
5212
3128
8616
3912
7698
7720
4694
2918
2802
7305
481
4992
6423
8872
9442
9702
2106
6039
5488
5039
103
9390
2849
9135
4553
8387
2830
3255
1811
3765
6982
8686
6670
7408
2220
3965
5135
507
4588
9199
3114
5540
859
1255
7868
4682
3942
81
8800
4104
1355
1414
2364
5824
3633
1718
6209
5098
9869
3284
6702
2229
7576
4701
1331
4353
6861
8570
6723
7876
9101
1258
3496
7152
5284
9509
191
1092
596
7197
8542
7783
4010
9854
1113
1971
2322
724
1774
1119
8136
5414
7374
1310
8074
93
9410
8829
7306
2745
4529
8916
3464
7460
4316
123
1392
1347
8215
6365
4546
9431
3171
3245
915
5192
400
2140
5411
7497
738
7377
7367
7335
4589
1267
8005
4599
3603
4867
4498
9649
5013
5816
4887
717
8259
4540
4401
8967
2779
5831
5274
3854
8699
4138
5317
5772
853
2430
4924
9444
2920
3822
595
7647
6266
224
8283
9186
222
5194
3093
9705
8586
1378
2061
861
7021
6620
2912
5075
7696
8227
8092
1661
4028
4822
7700
8247
7029
6329
7058
2112
9400
7613
8122
1923
6075
7338
9300
8869
7346
6050
8090
7780
3929
1048
4689
5417
4665
1022
2034
7151
351
147
1412
8914
4983
6468
4559
5560
8639
8254
913
5900
9003
1504
5849
8232
7919
9651
6492
2762
4064
7380
8265
137
6985
8339
5955
2434
6459
4986
6608
867
7224
1484
4518
3029
4748
8728
9322
5383
8009
4478
9713
4605
9058
1281
8758
2527
2463
9043
8349
2473
3189
2200
3454
9243
48
2585
9268
240
7268
5261
1437
3386
7591
7211
7478
6141
9302
7710
5768
792
3301
777
9554
733
1346
7832
7114
1960
7464
958
1861
5740
9753
2492
2199
1623
1876
5480
7786
6489
9026
6791
7322
8481
4191
7807
5721
8028
2659
7907
251
6649
72
7174
9875
6031
9260
254
9334
9350
5123
933
2232
7371
4013
8250
223
9684
8392
492
6503
6606
5193
702
7250
471
1916
4098
3130
7969
3381
5723
8128
4193
5839
9712
1080
577
4512
8089
7557
7447
862
8956
7290
9212
7740
2103
2813
6298
9692
9475
894
166
320
9703
3909
8817
3481
2470
133
666
7499
9492
2789
2019
1077
7061
1989
8816
6969
4417
267
3088
2303
7117
2820
8674
8619
7178
5969
527
1209
8382
7253
6395
6236
7617
4000
1091
1296
9571
1660
621
477
5184
3180
5886
1805
7928
6037
2238
5168
7770
4807
9264
8141
49
3024
7593
5882
3716
2994
9878
8367
2474
2577
7671
3887
4616
9731
839
7123
2612
7719
7864
7892
5529
3304
5589
4849
5482
3908
4811
6869
7823
9117
9885
2350
7567
7594
1455
9358
6198
4419
8222
1880
4348
6609
813
7888
144
8556
5389
1505
3421
2109
8212
1888
6410
7800
2721
2427
9567
5459
9856
1289
7341
3661
4982
2233
4342
8346
1969
8273
766
6646
3811
6883
3816
2845
9720
5313
8963
7037
8808
5200
7429
7331
7150
1161
5691
8459
3352
2098
6161
8192
3758
2475
3328
5254
6673
6938
6837
4261
2530
8979
7251
2542
3259
3200
8344
9610
7360
7316
9276
2330
120
7366
5674
9266
4016
4112
2613
9704
5981
5814
1968
6380
6436
2687
6221
7101
444
7816
2565
9067
8288
2891
9478
3606
988
3022
4380
3298
6962
9316
7980
8437
9029
2326
3877
9459
1644
5253
3106
7164
3772
1739
4568
6755
7664
2646
9815
1529
3859
4007
1959
2674
9077
581
6743
6214
3151
4751
7563
772
4760
5201
1238
9589
3138
3646
5983
2009
7396
8745
5569
7409
1490
2219
3623
3883
6847
9849
653
5538
7013
6228
245
4458
2641
4134
1375
5458
5715
631
1709
2598
6404
5779
7973
9727
2712
546
9886
7484
3647
8235
4648
136
3544
6677
9240
5423
566
9709
2856
9421
9780
4796
7163
907
483
4795
9491
9607
8764
1364
5264
5340
3373
336
5335
131
8653
9392
9841
6104
7585
4987
9004
1912
4865
3745
1922
9290
2782
4020
7294
2755
3283
1003
5853
5203
4548
5132
4347
5498
1726
390
802
630
1249
2342
8329
2644
4103
2438
1642
6013
7774
5248
2097
2728
5131
820
3628
1218
1413
6032
200
2123
6730
4632
6396
7379
945
989
6807
9273
1776
5330
7476
7116
2828
8060
5516
9353
5280
9522
6600
1893
7167
491
7507
8038
3486
754
3969
9518
744
1201
311
8585
3451
4747
6374
9013
5434
2315
8289
3674
4591
2809
4210
8863
668
4424
8612
5066
6705
1002
7198
992
2529
4537
9648
4961
3273
2156
484
9420
6948
4037
2711
5507
9173
3520
5763
8831
4408
3535
9425
9399
5221
3612
9504
4866
401
8780
5508
8486
8396
6123
8607
4129
2437
1100
1314
8600
6568
2332
6745
6385
747
1624
1822
9364
726
951
713
5071
4192
178
9311
335
469
9660
4354
3234
370
7014
8587
6263
3511
6099
8755
4670
9042
7857
7887
3865
7115
3308
7788
3452
3028
9797
1778
3671
6828
5155
6729
5921
1324
6973
5526
3243
2125
4921
720
314
5437
4664
3871
2145
8708
4891
9599
2597
4312
4338
924
2847
7675
6297
6956
3506
5404
9386
8373
6994
8207
3239
5766
7669
9859
7181
176
6183
9218
1795
8008
8143
7288
7024
8450
6313
5281
2287
6789
7722
7840
4808
5590
1551
9192
1473
5202
3346
104
4430
8677
2459
3440
5908
8468
7345
912
1976
1202
5319
4641
1136
1771
3673
6422
6578
2345
1122
896
3432
4328
796
8290
439
1288
355
9629
9843
2365
8836
5771
6551
8988
9093
6517
4644
4004
2910
7819
8772
2095
5513
1719
8810
1191
5435
9226
8820
5764
690
3775
8751
1924
1901
6876
2972
936
307
844
6153
6005
2115
4211
3403
3884
8317
4164
2749
9045
3995
2391
3845
5578
6923
2295
1897
6179
5631
1987
1789
1075
9457
7025
4794
7010
3762
8394
2046
8936
1994
489
7456
1311
584
190
3863
3242
9765
5121
3697
7088
8924
5879
3248
6999
3903
7330
486
8731
1956
5683
3116
6312
6421
9742
7384
4695
7399
4519
1112
6477
5141
18
2163
7098
1340
6388
6744
4384
3494
329
9627
4885
9183
9519
321
6055
5735
3552
1787
7713
406
641
9620
978
6035
8175
1562
4932
7810
8722
3857
2484
7637
9707
531
8021
4618
7265
4441
1740
179
574
9784
2334
980
2767
5874
7972
3336
6495
8718
9048
6272
2854
427
106
8857
8549
6704
678
7398
2797
3289
6322
172
4836
6825
3906
6407
7525
1696
8416
3100
7195
3783
3620
4157
8609
8571
8562
7923
6783
5331
9187
1441
9064
3841
2435
6373
5732
249
8414
2227
7736
8899
7019
1943
2744
4263
9880
714
3821
4685
2042
5840
807
3412
4960
1573
561
8740
7202
4728
5419
563
1284
7047
1558
6254
6041
129
1021
9593
2420
3733
1221
994
4617
3216
2963
4077
8711
3145
4162
2137
6856
4273
9282
5995
3532
9621
5395
2331
5467
7912
3889
8275
1472
8735
7436
1160
67
7791
9455
9033
6456
5047
3656
7993
3528
663
6237
3931
4555
8306
3201
5503
3849
3514
8821
3665
517
2216
868
990
3196
5577
6139
1433
1622
7926
3465
7955
7638
1115
7898
7237
7063
3526
1396
9182
6343
1339
3172
4734
7352
6249
6095
977
1735
9433
3185
3655
7124
4784
8219
975
5606
4572
4223
6485
9510
6270
4882
2159
2629
2327
9792
9613
5686
2196
600
7226
8188
7925
2049
6116
8244
4486
6379
9303
4111
4558
5110
8741
9320
5867
782
1116
5601
2277
3721
4021
5462
3830
4039
112
2466
113
8918
5352
8976
8309
5654
8331
3223
4604
8374
3218
3265
3558
5378
2703
9741
399
3141
5809
2014
5326
7234
377
102
4359
5587
9777
736
4844
8285
8072
6105
4692
387
2456
9795
2822
372
4228
1372
8196
3983
8753
4900
4723
3946
3964
735
3864
9356
3054
9372
1081
6008
1109
8423
2694
4267
5888
3567
2590
7089
384
1064
931
5018
9447
5894
6444
4571
4035
8748
8964
9381
9726
4573
5898
9409
2837
7213
2290
2201
5948
15
6275
9301
4772
8277
9124
6084
78
1343
6683
6528
3774
817
6290
8548
9391
7125
7648
1829
4087
5276
3340
548
4080
4381
8274
5418
5139
214
4255
1825
1852
5725
8230
3013
8407
6279
5286
8834
2835
8123
8157
4998
2091
7417
6940
8405
6588
7133
3658
6750
6508
7319
9136
1140
7074
9770
4355
8202
5645
54
845
2561
1377
2311
121
8730
9061
5611
5384
1308
6001
2449
8441
4400
2102
8589
1292
4802
2514
2915
3382
6269
9185
2018
997
1010
2188
8295
1393
6714
1187
2990
4017
1078
2889
9081
5642
6454
8233
764
4950
8324
4781
3224
1358
5856
4107
9104
4283
5142
7386
8691
6628
4600
452
3753
8262
9010
4254
4406
3040
4251
2602
6217
760
4643
9842
5865
3548
946
3941
5137
6550
7391
3164
5542
4389
187
8720
7566
5188
3275
587
3940
6692
6983
5866
97
7685
2404
2265
8624
9640
7157
7560
7858
5756
6848
7355
1614
3709
2498
9592
2385
969
8372
5862
7122
8223
7889
8678
9155
1253
4480
4964
7034
2693
3281
6414
4570
633
4724
1276
3746
1167
2678
1072
6136
8629
4432
9069
7120
1675
1663
7589
2054
3140
4868
4108
8809
7674
2267
1784
6310
8039
3439
6992
8167
2993
3261
4436
1354
8934
9274
4252
4048
3108
7295
7582
5453
9389
3066
89
7011
458
7714
8693
367
2055
4831
662
934
466
8258
8565
768
966
6418
2218
5400
7388
6530
6574
8775
4290
1153
1513
3183
7806
3897
7312
5104
7326
9789
6261
6703
4253
4663
4708
7069
2431
7990
3764
1672
2090
6946
391
7333
1764
4904
5676
5067
2190
9512
6693
1067
2439
6531
2126
3073
6507
3115
8509
8017
7348
7635
7938
4705
46
7320
7927
7641
3173
3050
4606
8943
2668
4731
1548
6524
1872
5968
2082
6752
6169
5990
6965
423
9366
3136
1769
428
8228
1475
5238
8591
2984
1061
1086
9443
2737
8714
2488
7960
7280
5022
1682
2124
1341
8194
8181
6461
6767
6248
4278
2750
2324
5344
7267
2880
7078
6320
4889
2092
5353
4774
8853
5430
7996
9848
4575
8528
8932
522
819
2242
1648
2024
5481
8105
4990
8646
9674
4733
42
2921
6177
1575
7856
8913
3167
8638
5025
3761
3342
5944
9598
2860
323
8901
5181
9370
6448
8087
8079
4790
1593
7961
6377
9740
1951
9286
7555
2493
2178
1076
7393
1964
8272
1026
9342
1497
5263
5650
6563
2566
1579
8544
6771
2319
6029
7453
1353
7957
6741
1102
8855
3966
6905
6207
2395
1656
9248
9675
2536
8379
9343
8773
2225
4743
5258
5085
4515
2842
1837
2022
7517
2511
552
4914
5102
2094
710
4762
8447
2551
572
1158
8353
7105
799
4623
150
5885
9862
9687
7108
5852
4812
773
6429
2624
8420
5174
5919
8497
9850
692
3683
5598
3850
8927
2672
4925
2448
8186
4590
929
5219
4139
4153
1747
2878
1559
2952
4967
4971
7007
3892
7192
6924
6891
1638
1925
1933
8602
3318
5570
3798
1715
6859
2048
8689
4464
1926
6732
6434
3221
5415
7583
6419
9546
9012
396
1227
9219
8966
397
923
5334
532
298
8743
2599
7056
8860
3727
8847
342
5189
115
5972
3327
555
9725
6357
5815
610
9113
2979
4940
871
3861
1162
8389
3244
9091
5227
3564
5915
2547
5318
1488
1520
5269
2213
1001
6415
7459
6659
8478
3461
3329
7321
8284
6590
7724
5724
6849
3654
3984
9287
6871
208
4207
3295
510
6897
7943
5880
2974
1716
8406
1973
5387
5108
9108
582
9294
723
5785
996
7431
3422
9428
9195
7337
869
7601
7910
9744
3992
1849
3982
1380
2299
306
9646
6587
6525
3667
7661
1405
2261
9824
9642
2517
8170
8931
6916
6810
7932
6059
1528
1215
5652
6941
2949
3425
3098
9659
5551
3156
5759
5004
6875
1285
295
6092
9105
5523
5309
8574
7244
5825
4460
2286
6918
2044
3414
3258
9579
7818
2272
6970
6268
4325
9196
1349
7511
2246
5346
2197
1211
2769
8341
1886
5001
7762
3592
1821
3250
6006
804
3466
5277
1556
4404
6499
9378
5950
9395
454
9074
7794
1801
2525
3749
9644
9499
4749
1465
2379
5975
4375
2164
7642
4412
5752
4531
2279
6118
789
252
6858
1070
5670
5855
8744
332
7302
2504
6812
5718
5505
1012
9310
7472
4569
7723
7126
3227
2507
5914
9163
703
5009
2251
6585
7158
9222
182
8588
968
2553
5977
7200
5226
2763
5623
8999
5016
4522
3539
8154
4981
8027
1198
8545
1243
5672
622
688
6898
1800
1429
2546
9811
580
6787
598
7767
8642
8535
6955
1920
6319
1734
5472
2606
5463
9456
5172
3132
4311
1357
2059
8088
3582
2084
4171
6364
6483
4722
1023
4082
8466
3307
2458
5061
8947
360
8165
2778
7873
126
1948
2457
5528
895
3035
9711
4362
7443
8046
292
1108
9261
680
5199
3057
2063
4577
5909
2907
7971
7677
7148
8359
1033
8266
7342
9774
3644
9505
3453
6548
7340
2589
973
8190
6229
4235
5586
6797
3779
7951
4462
9851
6067
5024
4472
7949
4817
6332
1728
8650
8525
2733
5802
9671
1598
794
536
8162
4714
1351
7266
3019
2240
6929
7757
3802
5954
4092
1445
650
4672
5301
8489
3285
7465
5743
5073
3773
1704
1681
5781
7349
3829
4015
7201
4372
4726
6479
7281
9624
2252
2293
7872
1165
4466
5685
2409
588
5312
5777
1610
7170
2582
4536
5445
468
3012
7215
2611
1974
4528
8491
6033
1733
9427
3923
6800
8726
4036
7801
6466
9157
7413
1541
7986
3827
9291
8383
9667
3825
3197
3179
7452
4842
1871
5876
8135
6501
7354
5700
5864
2323
5320
7358
9819
4477
6556
3952
1979
4805
9543
5773
8476
5581
5328
4409
3768
7153
5522
2271
1280
5052
917
6300
2148
3547
6892
3418
1746
5621
8604
6294
1356
3235
1942
9882
5205
2519
7415
8553
9314
745
1657
2628
4970
9735
5737
9460
1283
4732
4265
503
7052
1597
6604
7246
8037
7976
7982
2289
8582
3930
4284
95
1616
5017
7829
2867
6514
2739
1674
7624
5214
1563
9779
4244
5448
1350
827
3803
7869
1203
6653
7249
9193
6689
2689
197
8750
5083
9373
6733
4890
9020
1814
6840
4985
9168
3142
8023
559
4189
2848
4838
5410
2079
9359
6873
8366
1669
8885
180
5605
1619
5594
5492
9686
9072
2138
5545
4801
3502
4993
1129
8116
7715
3034
898
2276
6180
2783
463
7633
5302
6440
5680
833
6635
8311
398
2956
7830
9708
4110
5240
6964
1590
5275
7844
9023
8140
2911
8891
2583
8648
8299
1781
984
3587
6148
6257
4090
3294
6636
6877
1225
5337
5945
1641
6520
7383
5751
707
9360
6782
5496
7843
7092
8805
1318
3290
512
1828
6447
7802
9677
9319
3987
8785
2715
6838
1154
2586
8150
408
6906
8321
5308
7012
4481
2191
3163
7275
4399
4038
1512
3622
6441
5796
3119
4075
2050
4609
3435
6449
1615
2576
480
4463
7487
6124
4565
3247
4394
9487
2614
2858
4128
8286
8569
7575
938
5811
873
1388
2170
8010
2991
8970
5364
9288
7702
1536
315
7042
7015
7279
274
8763
219
7485
6384
5602
3836
7142
6172
1335
237
7365
2700
36
139
2761
585
8865
8981
1181
5726
1368
1395
6187
5821
3423
4264
5628
343
3553
8633
1694
1930
7183
1984
3945
1418
4461
6684
4330
9678
1428
7231
7859
926
2501
1224
4084
3278
1421
3400
3433
1359
2793
6472
6046
5074
257
5333
20
7324
3507
2814
2038
4870
2212
767
9453
4397
7921
6307
5808
4896
3501
9339
2316
9426
4526
6543
8842
6934
3796
9085
8637
5571
5795
8877
7595
4343
3270
8184
6656
9603
654
5929
5087
418
6004
6884
3365
2132
9232
7317
9075
7315
5336
3704
185
3652
3121
4707
8422
9552
8532
1910
7486
2116
7531
5639
1408
1659
1958
4586
5432
5010
6497
6751
3051
6181
4883
7707
2301
5285
9167
2231
1006
5322
8990
5845
6583
7861
5806
1068
6115
4775
8997
8627
262
5615
4879
1844
2384
2738
8814
3735
6842
6672
4681
2607
414
3881
8350
1650
3184
3021
3060
2816
9565
304
6156
821
3110
3572
5363
8119
9573
829
935
2665
7644
1631
8849
6309
7296
4698
4190
1177
1985
5053
5252
1427
6135
7257
9812
3715
7717
7023
5757
3331
4374
7498
7414
2377
7812
402
4465
605
2176
7113
2028
6002
4702
7287
5031
7778
3330
1543
8003
8909
6536
4725
1120
8059
6708
518
1096
9452
5572
5861
7402
8841
8488
350
2380
8356
6944
573
6515
375
7466
3253
6605
2825
4785
9663
6748
6383
6821
9697
6122
6928
7850
660
2371
8293
8445
248
1832
94
7043
8672
5153
2775
6260
4821
3914
790
9234
3937
9758
3055
5162
8806
1673
5424
8312
2962
9258
637
3893
2950
1146
7353
455
9323
2460
2588
4898
2595
8793
3007
9747
4203
9229
694
730
5745
3152
8281
4060
1458
3636
6054
5767
5902
3191
6452
6943
4429
8873
5256
1074
549
3876
9153
9279
748
3228
7831
9166
8435
4335
9595
69
4249
3541
3649
9529
7004
9017
3750
4862
4957
887
3724
467
6131
4554
6189
8617
4339
2151
823
1678
2756
6816
6917
8102
5987
2985
7161
9679
6651
7626
1124
4176
7378
7077
146
9349
9537
3199
4474
2768
6707
2203
6024
6146
8767
4630
1259
547
1066
9790
1141
1047
318
7027
5118
3445
1927
9059
1046
7883
7229
2234
5844
1381
7929
334
5549
3728
8839
8147
5543
3347
5092
5951
7097
7488
8520
5784
6557
2467
28
6908
1594
6559
9723
7954
7146
7238
5750
4045
7240
4659
5905
6372
6399
2864
4532
7758
9829
780
558
3747
6734
6282
8563
7983
6831
4307
6586
3148
3260
7390
218
6048
9783
30
6975
232
3693
5918
4712
1138
6802
6052
4799
5869
6144
9385
7643
6488
9714
7109
1105
3638
5143
2521
2294
7405
7519
221
5361
4513
4607
5303
8201
5525
5585
3740
5457
6995
3495
3880
2428
7506
4624
6632
5177
8246
7492
995
1909
5023
9837
6196
3096
1896
8749
6806
186
2873
6882
7584
1443
7463
2447
2736
815
488
8938
373
5863
9158
7206
2764
142
9123
4145
9
2691
3003
5521
5965
8004
5058
5251
613
1664
8472
442
4508
6081
2596
611
8777
405
9411
9664
2258
2307
3585
3664
9538
3568
625
7102
6795
2729
3759
6359
8687
3450
1431
6846
872
324
2284
1052
7604
1819
2594
6101
9176
8779
73
5443
5469
6469
4124
5657
4704
1655
3241
356
2927
9031
551
2317
1544
270
1336
5728
6569
4754
8428
3659
7419
7017
8260
4507
300
3720
9009
3958
1998
7793
6577
7704
4297
4172
35
3427
1244
2785
7190
5580
6017
9503
6610
3033
7835
8928
2960
7539
3879
2030
6451
3038
5512
6575
841
5156
6089
4550
3604
3166
8198
8388
6286
8380
1707
9401
1175
7970
1226
2928
575
556
5182
4182
1079
3233
276
3090
7426
1438
2496
1932
6018
4729
9202
6326
1846
7701
2417
3631
4639
4674
8659
6498
5405
5442
8195
2411
7689
5161
519
4178
5504
3862
5382
8177
8336
3419
4057
1981
3489
7822
9071
260
2743
6302
9307
4727
982
4473
634
6829
3358
6027
1636
1466
4099
3118
1646
7673
6633
2167
5985
242
1941
435
4614
4231
4334
9558
4706
7154
8982
6191
7187
8242
6931
8713
4761
8401
7649
2039
3350
3498
6989
9577
3928
6803
4277
1223
8012
9847
7833
7769
9526
8530
7303
9065
9418
3085
8335
6455
1847
1591
9357
1991
1230
803
5471
602
5105
5076
6890
3188
5910
3272
2041
8240
878
784
5351
7076
928
7602
2057
4757
7657
4947
2897
6162
3722
7022
8323
9628
6193
101
876
8904
3933
1834
3135
6518
5145
5093
1553
8352
2620
6218
80
7977
3474
8138
6512
5747
6642
2453
5843
4651
8216
9388
1754
2556
4266
6949
8131
6694
1535
6952
1500
5648
2807
4476
7690
5976
7914
8149
1627
576
2070
7357
5923
2003
6003
3311
3851
1371
2777
3600
614
6564
3207
5957
7721
6219
1132
5116
3754
1195
354
3538
5701
7271
1415
6203
7963
9174
3916
963
4379
3819
3705
1295
7422
2187
1983
8042
3411
4832
3947
6710
8199
940
8843
5940
3061
3377
6020
461
8746
6091
3926
3760
6878
247
6780
255
60
2128
1055
8025
1685
9468
8332
4383
908
3303
5604
3345
3366
542
4945
2806
8297
904
9001
9032
6715
5422
6582
696
1373
8354
9051
6058
4366
7205
2670
7748
378
5283
5668
333
6671
775
1149
1612
3161
4931
2798
8432
6040
1652
2068
4067
7454
6019
4735
269
3835
4564
2723
8002
3943
5338
2796
6324
6539
6814
5616
2114
9796
6287
68
6722
2436
9030
567
8279
6457
8050
3635
3058
4652
4753
369
1125
6903
212
6232
3911
3653
8625
4809
9521
944
7490
9804
3372
7897
5925
8103
1723
1044
3317
2017
9143
4161
3462
4323
2930
1527
4613
5712
389
3554
230
1051
6506
4917
5973
5554
7272
5638
3238
2650
1757
6533
11
1729
4819
3146
1818
3306
3025
9171
2704
7430
6438
9253
9324
9140
5080
438
8112
8197
8117
4533
8294
4539
420
7605
8068
6371
8503
6022
2204
149
4823
607
5558
4965
7400
8368
3319
9257
1231
6246
2801
8874
695
9417
1841
5780
3393
9181
7865
6087
5850
9231
8583
8442
4946
8322
3920
812
4378
9583
8894
1549
1273
7798
9541
9748
1487
6932
7574
3650
6192
1843
410
9150
6453
943
5938
3573
430
840
8804
7741
6127
9484
9524
4527
9832
3079
7329
4358
9838
1763
5054
3134
6121
9084
7751
4269
6188
2147
205
4958
9246
4373
1496
7299
1027
3291
9138
4869
9027
5371
7752
9619
624
2273
5629
3271
1937
1256
1975
3621
9438
8827
5518
9775
2882
64
9700
9756
3744
3712
8561
2863
5051
8302
4329
229
5644
3210
828
7136
3049
5218
6473
2486
4324
8973
5567
2085
3448
8193
6271
2876
6387
5241
6668
4847
6542
319
8433
3268
2375
2713
6930
8163
5681
287
1030
8330
2118
250
9277
5810
2799
4545
4491
5152
2616
5464
3279
1608
9130
7716
7241
5897
2861
3102
9247
7660
4173
6021
4660
3590
822
1013
729
8552
19
3434
2987
4154
8837
5011
3696
3455
8381
7437
2871
1794
265
5920
8573
5233
983
8781
376
9605
3840
7631
959
7727
4952
9724
341
2579
2001
8760
347
4493
50
6350
6765
5593
6077
7549
7815
778
5851
2193
2508
6963
4369
797
23
3456
1363
3047
6779
7581
2615
5709
925
3083
4003
8622
8098
4208
7899
6854
8467
1808
2359
7083
6167
9827
2973
4658
9866
7529
756
9810
3751
6759
5583
4763
9295
9877
1420
2671
8174
273
3657
6804
4386
6808
6318
71
5449
6212
7882
7534
4699
3546
8051
2051
5859
7210
264
2131
9615
313
2899
1188
2509
9835
6942
2300
6315
2709
165
5431
9437
3973
7662
7616
58
7997
8007
83
1507
9205
2512
5758
3046
5932
3809
3956
6185
7879
1783
7090
8427
9115
7435
8125
2926
5489
7680
424
5994
7106
7397
689
8164
2141
981
4030
4444
3500
7423
1185
8139
6182
8360
2083
4044
6063
9473
1625
2298
164
7137
1939
5468
4905
6637
8439
8566
449
1399
6009
2210
9497
1589
1005
1037
5762
5980
1148
3605
6863
6411
2423
9698
8418
5287
2348
9180
3913
7979
6069
3316
7775
3820
3678
4854
6939
3086
70
1135
7725
86
2173
7432
5259
2593
6523
9312
6331
3078
2341
4598
288
4280
8436
3711
1506
2177
8298
5451
3838
508
8132
5446
290
1385
5979
2162
3782
718
4804
8975
2909
7259
6737
5470
7623
3805
9585
7504
3431
53
3888
7666
4148
2110
1402
7103
591
2966
9801
1775
5722
4158
4988
6281
8386
2502
4576
3287
3593
1147
3413
8789
9217
183
8736
8564
4621
891
4093
565
2578
1130
8473
1374
7166
2247
3542
6311
9422
6194
1519
8490
7159
2786
4119
1264
7636
4780
9608
2171
6774
7697
75
509
4954
3723
9142
4116
9170
9309
1184
161
5005
10
9496
8895
3416
256
3139
5454
2851
4271
7953
3398
4135
6460
8026
3269
4272
8066
9083
1807
2619
9596
6820
2270
5927
8596
837
6769
5782
9706
7252
3672
7628
1855
4557
734
4581
6709
4225
7768
2804
5270
9533
9830
7573
3095
608
3778
3741
4502
2087
7332
9206
5765
1232
3160
4853
3476
1004
1768
9718
1499
5007
1522
1600
7608
5206
5215
2117
8393
2759
4245
3367
2702
8866
284
7328
4927
7284
9318
6912
158
3080
4301
4845
6595
1446
5103
8862
4071
5974
7493
7991
3107
39
7199
3000
9289
1957
6151
1410
5872
7087
8173
6341
6572
3949
3522
5401
8771
2965
4221
7734
2766
7541
8456
3510
8680
1342
9367
4188
6103
3375
3662
1894
6623
425
96
9145
3405
5037
4797
834
5136
4306
9772
6098
786
1813
4495
8363
6976
1982
1550
5614
4047
4385
1908
3159
3737
4864
8796
3519
4209
9490
9539
8618
1628
366
1902
5911
6047
8529
1103
1714
9672
5122
4073
2645
2608
8081
9036
1479
2077
8220
3458
6349
7920
6375
6400
910
9560
7018
3215
5637
9474
6893
5770
4096
1239
2810
826
5934
7361
3634
8434
8889
345
1367
2720
5439
7038
4143
5444
2922
5890
8449
3533
8665
4873
5473
6721
1770
5150
9470
6927
8176
9685
5006
4829
2491
4455
5170
6717
9198
6675
5696
22
7681
6427
9239
8919
6674
9817
9281
3939
4352
7935
2198
4469
9340
4390
7269
7572
7129
8
4549
4894
6238
6990
1907
2788
8770
7896
3036
1868
7175
8527
4415
2340
4066
8495
504
6224
5295
5237
7073
530
8523
2639
325
4963
3463
1744
145
5357
6614
3719
6845
3359
2166
3601
286
3799
5804
5407
2370
7744
296
7598
6398
8811
5798
2580
4078
7512
3512
3549
1950
9566
2675
1812
4816
6616
6389
2978
5881
8514
2304
5537
107
5479
5125
4423
6716
1967
2933
7551
445
4391
5115
5455
2932
8567
7445
3081
1508
8347
135
1990
1332
1297
7165
2421
3885
769
1492
2043
76
1247
2669
4023
1241
9602
5679
8158
1126
6226
2250
4612
882
9872
1303
4852
1190
5267
1274
5324
9879
7958
4291
1898
4908
2808
4313
2534
6173
4610
8971
3293
6538
6154
7867
5409
6140
5682
7501
6959
5597
4083
6945
2658
7569
2318
2892
8592
1748
7893
3551
1171
8526
4966
5664
7255
4470
741
9873
7592
6853
2726
6259
858
709
9305
3524
5362
7895
7160
8463
8662
1965
6071
3757
1320
6038
2630
9532
7225
5038
5895
3475
2433
7564
9751
1547
1618
4360
9330
2795
5838
82
5547
2724
3584
8256
5245
4739
4859
4783
3899
7128
6561
7496
7936
479
3341
2742
1799
1708
5832
4690
8276
8114
8871
3181
6360
7678
3004
7773
4715
8912
1025
1134
4215
5207
1999
8987
716
8610
2997
2942
9333
4840
7440
7894
5356
3730
1178
6338
4025
5966
344
3113
2069
1236
4773
3010
6102
2772
3187
3153
4851
9788
7805
7524
4220
259
3630
8952
6369
770
9814
4305
1885
9325
4843
3385
7222
3112
9611
9673
1018
7051
4490
4185
1743
2931
836
1677
9406
8647
5220
4488
1214
459
3663
6344
4906
3084
3717
956
9738
7054
5935
1580
7410
5868
4693
7394
3574
2268
4697
1731
1312
4346
1485
3925
2875
3009
9280
9834
2621
5622
9754
835
3718
7059
9252
5339
9011
2844
4673
5399
886
927
8130
9035
6494
5044
7247
6481
5665
6125
986
2096
2752
7952
3640
7728
9670
6078
5933
1095
7107
3625
9863
8955
8255
8854
3896
5180
2776
8492
2243
1576
7570
472
9041
9393
3632
8962
8166
7067
9179
3447
5754
8923
2184
8485
2000
2690
238
7651
6867
2064
514
4543
708
7652
4720
9637
1467
1361
3951
3236
1434
2939
110
1523
3784
7543
453
4713
476
1317
3787
6476
6378
2280
5300
4177
8209
8878
4750
6961
4127
37
6868
8325
5573
499
7550
2025
1279
6012
8595
6819
8892
6159
8031
1995
4163
7470
2506
8881
1918
6316
8239
4043
1242
8453
9233
3531
6742
7820
7008
5217
7948
2052
1745
2045
3792
3499
9597
9351
4506
648
2010
9225
4292
6818
4999
5231
3213
3002
2058
5941
7530
7093
2415
7634
8534
9601
7650
6368
1727
2811
1750
2688
9245
9424
6255
5787
3826
4835
155
9466
1986
2222
1823
2291
1180
8851
4815
6662
5563
3979
6053
4332
7577
7817
6726
9306
3320
2072
3734
6611
3074
2667
2883
9076
2328
4541
4855
6426
7026
3111
3193
3467
8732
9190
4396
4069
6178
6567
1083
4317
5225
1817
4100
7989
8826
9482
3994
1552
8049
4929
8408
4566
1032
6835
1915
8614
5402
7580
7318
9086
5175
5899
5671
9729
5088
9088
3770
5711
7915
3174
1469
5388
7653
8685
3488
5858
5870
5408
4716
3988
6096
4497
340
677
3615
6641
7738
8513
7622
7009
661
8191
5541
3144
5138
2757
7814
9825
3361
6051
263
7099
4126
5486
8551
9551
5086
2719
8474
9432
108
1451
6160
5494
7392
5625
3369
1199
5375
5377
4146
8766
6793
5195
3430
8001
5186
7974
8598
8075
7547
5249
55
3614
8980
3360
4534
7610
6644
5599
3848
1684
5564
9743
436
1884
7364
957
7782
7821
3354
620
4860
7808
7387
6397
5265
4968
3472
9414
7836
1773
9132
3710
8626
6553
7985
206
3922
7693
3962
4295
6391
9159
2056
2418
281
4197
7039
3089
2571
6886
3961
3399
6823
9668
9462
9103
9553
5475
4825
4279
6265
901
2399
8911
9050
6643
4059
1430
1756
9528
4357
8218
7072
5289
1137
6478
4196
795
2032
3470
2476
5893
7000
1208
9118
3387
2718
2532
2274
6862
1369
1269
4229
5421
6289
553
9000
5794
4730
5420
9826
220
6676
3790
6613
5837
4596
9657
1511
9695
1929
2970
2119
5178
9734
5535
5204
1620
2320
4131
1584
196
279
5719
9883
6544
964
7336
7992
1045
3322
5033
5778
5485
7273
9087
3408
6345
9451
632
3736
7944
1040
8825
8719
2120
6109
34
4597
8241
7917
2623
6242
5970
3389
1014
7855
9002
8022
4085
7619
1450
5982
6713
4467
502
9761
2406
395
2958
6250
272
7718
8179
3288
7420
1596
5165
8148
685
3617
2573
4327
5842
3752
7877
4201
9860
8953
3576
7177
1970
570
7743
1911
9652
7233
8421
1826
617
1210
4250
29
4737
8628
3726
5643
2841
721
2413
385
3970
1578
2402
1883
4256
2355
4321
169
3299
2604
7457
6801
7139
9822
5247
1766
2877
3018
9555
7239
3286
3523
8358
6701
3392
1890
1065
6464
7045
7799
9752
8020
4433
7112
9094
4395
4501
3901
8512
9156
241
5190
8516
524
5903
2605
3812
8508
2027
2053
2857
2393
9244
8345
2308
3581
919
4872
1307
5659
2770
217
7871
2800
9781
8443
5926
6049
7283
3824
1486
7404
8395
4475
5565
5491
1654
6130
4668
2940
832
5746
3508
9146
3791
9100
8137
4595
5928
1820
9771
3337
2935
482
2465
4219
9175
9040
2237
9419
3955
6888
9079
4063
4421
3771
8900
4303
2414
9564
1182
4955
1632
8897
3669
7942
8590
6482
6413
3443
5198
2113
2361
6463
6950
4509
3131
3900
8327
8845
5232
2349
5149
5119
1542
7362
2549
4422
8550
9516
4101
8371
3127
4451
6904
903
6244
4800
1567
4755
2574
5854
763
87
3571
2683
6998
8717
8850
5327
4703
365
1401
9162
6960
3037
1988
4876
8882
4002
4160
4677
4679
6997
8725
4686
1028
2426
1629
8861
8033
6696
4227
2916
847
7219
327
294
1572
4928
2047
7477
8972
683
5617
9759
6216
9102
8334
5989
487
4302
8643
9096
7611
1613
5268
4165
4031
2487
9028
2647
2567
1538
642
6280
7781
8270
5109
8958
9680
6951
2081
6776
5531
9327
3844
4875
5836
6079
6953
2441
1229
8555
9527
1250
941
7495
3847
9562
4680
9014
4166
1588
9805
7289
2239
6706
4633
7168
6234
3738
5438
9746
2812
1921
5901
379
1019
41
6215
5041
2182
3537
9513
5960
4552
7095
8155
2716
8337
5129
14
9716
8908
8620
9430
1442
9785
4428
6328
8957
2741
8071
2673
7683
9800
5647
8369
9871
1555
8782
3077
950
937
7248
9485
6158
7292
1323
2478
5958
6920
3832
954
8483
6935
2292
1462
3169
6366
2924
5056
6650
9122
3543
599
9423
7057
9534
2249
5734
6753
236
594
7712
5656
7065
4655
6295
8752
8939
9531
5279
704
750
4826
4167
3814
6796
1056
9272
225
1862
6874
9693
3277
7760
4635
864
3613
8888
3676
1376
1468
9106
9262
5403
3742
4050
569
3529
7416
7981
2503
6655
4336
863
9689
672
3064
2248
8995
7220
3384
722
1053
4068
8679
7134
7438
6879
6403
4205
496
5128
1972
8030
3240
8868
8645
9658
2337
7036
1666
8224
6786
3670
5706
7351
3910
1326
7433
3395
9767
3344
8915
3766
7427
1905
4671
2784
8606
244
3364
7911
1792
1235
842
1875
6174
2383
8631
8946
109
2890
3959
7262
1286
5040
9267
3014
9694
9864
4130
7881
8034
8320
5342
589
6406
7480
8969
5243
8652
6070
6355
4377
885
181
1252
3374
114
4240
742
3976
7708
9383
5012
8701
7172
7978
4018
3637
4850
3076
757
9025
361
3348
679
6147
5157
6763
5514
9535
857
6711
2824
3641
8739
1881
2007
8120
8268
875
4765
8993
2076
2134
6467
9549
9633
8480
8487
9625
3343
2827
2794
5698
4224
6899
544
2468
7625
1760
506
9304
1804
6921
6325
8641
338
8073
6292
2961
1699
6132
4118
6170
6475
6527
8225
3264
9575
5046
1268
6895
6697
2013
1858
4861
1906
7860
5282
7462
5992
3597
2914
432
1151
7692
3642
116
5130
686
6470
8291
715
2976
6042
1397
6094
7639
7749
3229
4304
9846
7526
7863
801
3251
949
6919
2888
6910
2696
9271
3017
4054
3162
6264
8156
7071
8099
4649
2078
2815
4418
6566
606
676
4133
1306
3540
1327
2016
899
3561
4717
2175
3999
5293
870
9690
4752
568
8152
4915
6925
9398
2714
6107
5703
4770
9448
8593
7627
1017
5376
4320
4622
1360
8959
8252
7085
7003
9719
6014
6640
5884
6947
2853
4370
4756
3915
5817
7218
8333
755
6484
6592
9177
3254
8541
5783
5943
2155
539
474
843
403
6936
4159
