7114
5667
2607
3405
338
5681
2313
3437
6048
1798
2243
7032
3176
4366
5528
1805
4776
2867
912
3082
5140
6627
2045
3661
4408
680
3404
3649
64
6544
6924
2892
387
1121
2138
2229
2580
5803
1897
6998
736
1035
2890
4101
5437
6389
111
4753
3568
753
5652
2985
1125
1900
4531
3039
3765
5748
3754
1842
7011
1825
3956
3133
2239
4472
7061
6644
109
5635
3019
5546
7093
6113
90
3364
2169
6426
4924
5900
5786
3379
5855
3611
1002
3088
5698
5718
6262
4631
1950
3139
4694
4678
1761
1858
6920
5962
6126
6189
4637
4415
3852
5314
1795
4899
5265
1667
6638
1789
6378
3223
2992
6273
5893
2115
1714
1236
277
1778
4670
6090
2372
5352
532
1652
6081
6462
5741
4002
6237
3525
3170
2913
4662
3413
862
3140
5189
3749
3267
1294
3087
3476
4934
6984
6909
7037
5310
5315
854
5590
237
4141
3361
4265
2054
4903
1499
1356
1502
2188
1673
521
4900
2140
3229
6147
4993
2350
4061
274
1032
89
5144
5225
2047
6265
6907
5524
1086
3942
461
3501
3175
6207
6626
6300
6683
6710
6810
1465
2168
5603
2296
2649
551
5372
4325
5577
770
920
5564
5103
140
2301
2260
6629
3556
5068
7023
4657
5108
1332
2478
1922
621
4837
5747
2431
3638
1373
4475
253
1818
4711
2076
5939
1861
4455
1021
6054
7020
4551
5572
3922
1005
4512
1497
4827
1953
16
4957
1926
4602
3839
3273
6986
4005
6888
3519
6141
4644
1053
6073
3130
1203
3653
5669
6566
2250
491
781
2517
5687
1531
6774
5173
1792
1239
5765
218
2287
4524
512
114
83
5438
869
6488
2308
895
2799
5497
2954
882
4291
902
3600
3353
4738
5600
2986
3615
4274
4990
6012
6806
3722
3017
5500
6861
5539
3966
6427
4535
6906
256
701
1069
6017
3880
2383
1494
1509
6330
1469
1029
3500
1829
714
3292
4813
52
1150
4219
4349
3409
702
1797
5111
339
6725
2770
5044
1128
2608
2300
5543
6079
3921
4594
3674
6628
2874
2718
4282
7067
4490
5061
1507
3030
2570
4485
971
5926
6812
5958
3161
6137
5717
2915
3462
4892
4231
3733
2741
444
2573
3303
4767
3591
5435
6015
5571
1763
5551
979
6267
6523
1068
4672
1167
318
3207
3363
213
5512
1473
6461
450
2957
700
725
1735
1704
3387
6456
5943
6591
6315
3477
5977
1699
1610
2663
5881
1684
2818
2719
6051
5896
4157
5921
5734
5062
5678
6716
302
1817
1415
3188
1228
2187
2502
3108
3369
2656
6894
2430
1755
5213
5657
3466
4451
2548
2796
952
4835
5982
3860
4405
3202
501
4156
1596
4387
4560
435
3864
6022
2112
2310
5206
404
1311
5319
5275
2298
6283
1891
229
7013
813
5690
545
5255
3782
1410
6788
2069
5232
4591
7069
1078
2104
4968
5513
5193
5445
1395
1908
1281
291
6773
3971
4140
1537
5252
4394
4750
1255
4683
4526
3142
4186
761
749
5985
2771
3937
4595
6314
3527
2078
1123
2172
1585
2545
4330
3403
406
4963
6485
6850
2928
2445
6144
1476
6650
6728
859
211
4811
2071
5809
1450
4250
1534
4597
441
6763
29
3910
3803
3641
1591
5536
6370
5015
1890
3967
909
5799
3007
5370
556
1398
6217
4116
421
4732
1968
1955
552
937
6666
4461
5642
6766
880
5096
6438
7104
6454
6828
4748
6487
6233
6360
6837
56
768
603
2698
963
6703
3753
3918
3970
5703
1504
6496
5146
2206
2017
4192
793
7063
163
2693
3100
487
3013
3276
2398
4269
6101
2645
612
6594
6735
4895
4062
1913
5493
2553
6371
928
3145
4799
3373
5538
4333
2207
419
396
2676
5501
4093
3121
6466
5323
232
933
2156
5725
5041
7087
5054
6118
3929
376
4385
6723
3779
5863
250
5638
149
6460
4391
2409
6954
2935
5880
4509
2774
6305
6302
654
635
828
5432
5403
4779
5287
2215
1775
1327
7042
6607
4897
1133
2407
428
829
586
4605
5326
2304
3901
4297
990
4306
4201
5279
6047
6336
5233
6697
1841
2390
2455
1197
4179
6475
4754
4516
4382
2346
152
1806
3372
1338
6066
3066
1361
1386
3352
6486
2025
2627
6832
814
279
4886
5816
366
4908
6297
4290
1363
5724
561
6968
2050
4944
2560
2109
5034
5882
1475
4797
6843
171
3987
3414
787
3529
5727
791
1978
6409
6846
7000
3669
309
1784
4327
2477
3360
217
6099
1063
2891
6559
2365
361
620
695
733
3926
2682
1752
7006
6138
5858
4745
1023
4766
6325
5065
4515
4583
707
1390
6290
3928
6244
3673
1287
4973
4975
4417
6148
5942
3764
2151
6372
3322
549
1916
2160
1991
4783
4562
6399
1163
5672
4416
5999
5774
6212
5696
2317
1145
5980
4775
4227
534
801
1988
6982
3625
1844
3027
5308
3062
5217
4129
910
1586
6324
3750
5358
5456
1894
2621
166
7046
611
12
436
3508
243
5612
3206
1404
823
6807
5567
2636
6908
2005
959
5101
1396
6899
771
4938
2103
4682
7098
2756
283
388
431
1458
2224
2356
1112
2302
41
1060
240
3312
3872
3582
3268
2124
2123
5470
2469
5712
609
3950
970
1337
2150
1267
5328
6921
894
3163
1022
3743
2722
2717
3939
2183
2306
6457
2704
6914
3823
456
3773
752
7021
818
3418
5584
3034
2978
5197
6125
6152
3091
1417
2550
4047
1496
1539
4592
3235
231
1636
2098
772
3280
7070
1089
2280
5762
2240
4521
1892
5688
1616
1523
1753
3314
2673
1994
4556
390
5389
2744
1339
1985
2480
6084
4818
2647
5152
5691
7111
371
2566
6008
6396
3421
5045
5744
5871
5828
6741
6328
5417
4028
4513
2117
2271
2745
2554
5578
4890
2056
1856
6100
1075
2875
3380
5296
4795
3327
2000
705
567
638
93
608
3283
5251
5861
5780
6064
2474
2538
5216
3891
3881
2813
4343
2946
5914
4392
4932
3923
685
4135
2505
6521
2440
4132
623
6947
1743
5604
4025
2111
2736
6618
5260
816
4953
6068
737
3451
3411
6534
4714
3159
6303
4053
6586
4669
5887
5426
3969
5975
6397
897
5115
4348
1234
4483
6094
6364
4620
3627
6430
216
2154
6778
5001
3734
2578
2959
6583
1461
4866
5011
5659
6598
4772
6988
1283
2641
2904
6155
2993
6130
849
6805
3389
6935
5623
876
1782
2753
1723
2784
2361
6280
4263
711
802
6214
2544
4909
6259
3406
75
5003
300
4298
740
3067
4739
3181
2204
958
3545
1030
6801
3255
1914
6802
6637
3995
591
1102
183
519
2942
6934
6545
5109
2006
3505
999
5857
5038
2878
4148
4861
5399
6335
1433
962
2513
3772
6345
7001
6342
3162
5955
2051
6858
3158
9
1100
1006
4500
1018
3699
2705
3640
1930
4915
1630
6974
670
6321
6172
275
1355
1009
2899
4726
5223
430
1095
5750
2236
830
2442
983
5301
6673
95
3032
5656
2609
1107
5125
3924
1345
5580
5936
6707
5601
1024
13
1929
1439
1384
2060
1392
6517
5630
5130
3958
613
4720
1809
3005
5964
1468
7038
689
5779
5025
2264
1147
1425
569
6736
6150
3259
3613
4987
4103
2263
4223
2977
11
5388
2589
4092
5634
5791
5680
5715
5079
886
1301
6862
3333
1172
1491
5935
6701
2588
827
2508
5210
2877
68
4621
1460
2970
1342
4718
4930
2873
850
834
3972
370
4211
6455
6258
4473
464
6128
578
5380
3101
2909
4216
3925
2171
6504
2754
3105
4159
4187
960
2216
5422
4565
467
784
2369
3495
4374
3177
2967
1653
4617
788
2501
3565
2665
4492
6714
1135
6236
3513
2971
2519
3871
122
4614
3680
6111
193
2102
3084
1990
6964
6872
3700
2746
2449
1058
2662
3893
5754
805
3426
2294
5810
6256
2791
6448
6570
5995
1744
4402
5059
2116
5613
6503
5404
7017
6406
3009
5569
1335
1241
4822
1966
697
45
186
1420
3719
6946
3536
2061
980
2064
4273
683
3247
2403
1553
6204
1477
3731
4629
3194
639
131
4643
6497
3941
389
3203
2486
4344
4539
2809
6218
3843
2327
6770
2483
2198
1600
6010
1671
6940
3866
3647
2037
4193
3073
2068
1685
5226
1270
4611
5662
4809
5155
1048
764
1204
4119
6915
4906
1432
6621
6465
3146
5179
1691
640
3575
595
4857
5309
5258
6174
2391
5028
5530
1212
6761
4001
4743
6312
2341
1165
4494
4022
2
522
3777
6662
1796
2358
4308
6268
4846
6549
3933
1705
1595
1357
2015
2348
3199
3467
2941
1769
1269
2907
4177
6007
4585
535
6694
2995
710
1657
681
3688
2575
2305
6708
6009
2121
6610
6053
6122
5722
4834
540
5073
1944
1547
1284
4851
5064
6612
2514
2587
2389
87
6164
1976
1305
3081
3693
3690
1754
2201
2436
2815
699
3165
5095
5938
2520
4155
1854
538
433
3129
1289
6357
1173
4936
1481
1637
7090
288
462
3805
6634
424
1800
1997
3953
6096
85
4937
341
630
5854
4599
4507
6242
5937
1224
2886
1851
5058
1874
4761
4869
3221
2491
3888
6410
6541
1062
1883
3697
6275
416
967
3063
2675
2213
1218
5868
6282
6639
3470
2237
836
4983
588
3552
4130
269
5434
5766
5693
2368
1535
5948
3220
2837
919
6225
3234
5446
6973
5838
3543
3917
5091
4731
3876
5853
3315
1924
536
3802
4056
1217
2380
4104
4065
1815
1567
4136
619
2384
1383
342
19
58
511
5793
4188
2223
2220
4778
6210
1185
6730
2444
3884
646
2268
2825
6938
2950
352
1282
4764
2929
503
2278
4889
4789
663
6220
43
5145
7053
2709
3499
2325
5720
5819
2461
110
5053
1538
4606
1013
46
4747
2217
5585
5183
1330
2976
6721
1261
4314
1650
242
5283
4874
3873
54
4810
981
6815
604
6928
6870
665
6006
2178
4949
2930
5770
3423
6878
2525
3676
3542
1521
6814
6313
6316
4173
5267
6499
6219
3533
563
3375
5894
6511
3498
1888
1623
782
2896
3136
5589
5449
5141
3794
2734
3531
5968
4864
1140
2435
5142
6181
516
3679
1644
4203
4181
1827
4588
5598
6944
6338
4365
1307
6235
3318
5465
3482
4423
3195
5452
2632
703
3183
4083
4469
6883
328
766
1402
5544
660
3040
5619
5523
4675
2850
297
377
2965
4232
6722
870
6031
330
2979
2798
2408
422
1161
6163
841
1082
2272
3834
5575
4879
6278
4066
257
824
5022
6505
3439
4752
6972
4014
1857
5161
463
3252
5439
3850
4414
1965
119
5833
1364
4557
5983
1615
5541
129
6333
6941
3097
502
6514
745
7096
3585
5664
6996
5327
3865
1482
4929
774
5402
7029
3399
583
432
4154
1919
2385
5325
6756
5616
5195
4010
1056
773
4717
6833
1601
6622
5390
3237
3572
6560
142
5016
2075
320
3148
465
5946
2003
3394
5277
5431
4009
2542
5835
1176
1915
914
2934
3350
2565
4345
1820
4838
4663
395
5401
2591
6056
4445
3685
5120
5668
6995
5330
2289
1205
3943
3982
1611
892
2374
2700
1532
5676
6322
2001
2765
273
327
5990
4729
2865
23
1252
4210
7080
5375
47
5660
672
6859
3645
2083
6019
105
4300
5996
3620
662
6055
4431
1777
3830
6656
6879
5410
5377
2293
3935
472
26
1012
3401
731
4373
6800
6912
2800
790
1171
6206
4128
6069
3243
6308
5476
7050
1026
4561
667
5872
2190
2315
2962
1506
760
7076
6106
5156
4120
5043
3643
1376
2344
3828
4760
2295
4384
4928
6525
3463
3489
6221
6442
6767
2638
3771
6897
3912
3949
3775
5919
6419
2362
2482
2777
420
1141
42
3241
6124
5118
5415
3911
2547
6737
4342
5945
5143
6795
2163
4453
5763
3168
3999
1380
2155
1762
5049
2701
6166
5568
3729
5052
4687
6264
3795
1822
2782
4167
3948
3319
5151
606
1503
1738
206
1876
5132
5582
3089
6131
332
574
4994
6201
2326
143
6840
4702
375
2020
2337
205
3681
4927
4286
3231
5230
5182
290
1734
3724
2395
513
2604
2042
3874
6447
4011
2667
3518
1038
4902
6434
5318
6211
1840
3038
2802
5877
5009
1464
2364
2451
1315
7057
5383
2417
6425
3316
6731
6061
7106
1544
1592
6309
2418
6103
5933
1772
5897
5436
5024
2503
4026
4530
4261
1847
5475
1321
7044
6663
6606
5294
597
4457
1274
6576
2529
2011
6919
3844
417
594
4807
348
1031
3180
5085
6040
796
4843
4604
4958
762
1779
2881
5154
821
6484
1250
2827
986
2281
2149
2059
4355
1899
1486
359
6687
1007
6942
4123
3428
5839
851
6734
2598
1354
6838
2279
2471
6129
4228
1651
4679
4840
322
4039
6222
355
3751
6990
4279
5478
2402
3528
2650
1479
1011
3400
996
4174
4690
4593
5234
5240
5557
418
7102
5918
4229
913
1316
4207
3914
3265
5263
4543
1708
4051
3730
4459
506
4700
6856
4404
2859
2618
2208
5620
6145
2727
743
4477
6790
3021
6898
5963
947
2658
2500
1880
1558
3909
6851
2766
3209
1144
4463
2375
1297
5822
4608
1774
2082
6388
3287
1190
4266
1146
6020
3116
6027
2432
4107
2493
5188
5392
1457
5860
558
4969
5867
5219
2869
6852
734
6775
2839
1341
5733
4710
2786
1911
6885
6785
5461
79
270
120
2499
4316
4350
596
1253
2009
4828
6412
1329
3617
5545
6579
1624
1039
2259
5605
5486
2085
5932
3787
1210
2622
4876
6248
6845
504
4785
2940
2413
5866
207
2758
2888
3020
3076
3809
1340
1265
1323
1980
3945
7056
2757
1952
5890
4293
6963
98
1076
1979
4554
362
1943
1677
3758
5121
5440
6117
2426
1003
5797
5347
6165
6014
6849
4623
1569
2258
6871
3898
5405
4943
3119
3908
4411
200
5312
37
775
118
1717
2769
5783
4763
6631
2453
3204
1296
3609
4085
287
756
4552
345
5455
2459
4646
4412
618
2212
3390
3994
4541
3149
204
1279
2139
7064
1232
4479
4086
1973
1634
5466
2539
5332
874
3358
214
5954
2338
485
4419
2807
3567
4020
2740
785
4722
6195
4111
2439
4398
1377
1207
2023
3812
4532
5818
6625
6375
2094
570
2617
5597
4006
3896
5397
3187
2522
3859
1750
5316
2053
5537
1044
2466
3740
6764
3883
4058
1938
2516
2133
3686
241
438
807
2989
6480
7005
4613
4060
4268
5349
924
1605
6232
2557
633
3560
3947
3281
5035
1162
3650
2596
2752
192
1971
78
5704
4346
3622
2616
1846
6700
5608
890
3035
4667
1679
2424
1561
2686
6277
2363
4517
844
3125
5344
1196
3637
3756
4802
3483
3260
4706
6820
4511
7077
4527
170
1096
4911
5496
4505
4537
2318
1158
1192
4533
3822
5516
3417
1010
3376
3471
5777
162
6746
6717
5907
5448
7078
3606
2048
1368
6632
4029
2893
5923
4230
6754
1435
2360
1061
6768
500
81
133
128
4153
3954
4814
5384
652
3047
1299
1034
3371
2655
2843
6139
3042
2678
6836
4832
138
631
4376
3022
607
470
4724
2307
353
6208
2540
1198
5558
2334
6491
3323
3889
103
25
3778
228
6083
6408
2472
6229
4000
2781
6230
3858
965
626
3392
2783
4064
1833
3897
5636
1541
1845
916
4299
1157
6975
1720
5631
1208
6030
3447
3141
6292
693
5408
5350
179
346
4792
930
4891
6078
196
6951
2863
627
4689
1149
5682
1000
351
554
718
4773
3053
4364
5036
6633
6738
1272
1608
1905
3807
4907
173
2644
1187
334
5488
3493
1160
5845
5340
6905
1702
1923
1389
1108
5651
4628
1960
2438
5264
5924
1164
168
2353
1747
537
2926
2018
5338
6649
6176
634
5165
455
2714
2335
3366
3488
6647
2222
426
1242
5886
5815
158
2724
2885
5366
4971
1804
7092
2194
5559
795
3128
6825
656
1064
3157
6339
4999
2835
4501
944
2256
2966
4872
354
3192
1466
5549
754
664
235
5184
5433
3120
4017
1801
1727
539
1621
2633
1983
724
7019
1291
3663
6477
6857
1878
5851
2532
3580
365
6978
3210
6387
6191
3341
6464
3113
4172
3590
5628
3424
3208
1793
4208
4736
2584
5180
6143
2695
3000
1015
2657
3464
2680
5215
448
4982
811
130
3547
220
4765
3324
1490
4671
3626
1589
2019
6981
3833
1088
2118
6705
4191
5731
2603
5719
1726
5270
5335
6844
3902
5503
5424
5632
1917
7039
5329
482
1072
112
4189
4922
1050
5368
2441
5357
282
6405
3131
1881
5813
7068
729
5413
3362
5714
4057
3263
181
5735
49
6185
2497
3
2555
5640
3232
1731
2135
4375
6182
3507
4820
5013
6441
6332
2860
1564
1083
4495
832
2834
10
2968
4023
669
592
5709
4948
1467
1427
3691
6070
4244
5070
5112
2531
4661
5639
60
5520
6490
3461
5535
6392
458
2186
5823
5614
4826
3126
2184
6112
1514
5788
1400
2106
4353
1575
383
4638
6677
2511
5354
4089
2902
4708
6241
1256
653
2329
704
4163
3838
2614
374
6724
6854
2903
1366
6132
1405
2880
5136
2063
5511
4825
4317
1441
1406
4553
2924
1259
1109
2299
5967
1836
4389
4335
5529
776
601
2590
5626
6676
364
3460
5159
2823
872
410
295
5281
969
3196
5492
3907
2316
3474
4371
4812
1957
5069
845
6530
4803
4146
2336
1928
651
4816
2994
6985
1213
7051
3058
3490
6671
115
3806
4080
6341
888
2230
2646
6826
3804
4019
488
2232
5981
4546
2804
5729
6288
6252
4113
5346
3103
4196
4199
5699
2999
3628
1111
6304
6794
4960
6540
4996
4054
2955
1566
5556
5518
3384
5904
6376
6432
6202
2465
2057
5087
5875
557
1170
565
6771
4580
5806
6135
1264
7012
1328
6585
125
460
2303
1927
268
6272
1381
5084
6911
1936
5771
3813
3726
3393
1887
2255
3193
6793
6424
6704
137
3570
566
254
5008
5586
4618
2812
6904
1200
3931
2974
757
4707
4865
4704
2619
5123
3608
2960
3077
4059
4289
6331
310
4041
863
6401
2283
4018
1189
647
1237
4576
1583
1758
1375
2692
356
4112
2534
4044
2739
616
2767
3023
2269
4549
2487
5138
3886
6269
5606
1765
234
5841
4254
949
3284
490
2900
4746
5221
5186
883
4979
80
6024
4883
1235
4793
5970
3849
4182
3720
615
21
176
819
369
6668
3028
2079
2443
6057
210
4262
1113
6231
326
5504
3388
4320
2927
4277
5000
3429
5396
3151
329
2446
35
3240
6393
4977
6023
2197
4042
4639
239
5057
4016
2735
1483
1826
4703
6829
4068
4647
2933
6816
1555
481
3037
280
5100
4570
4651
2523
5447
4950
6463
1571
4435
4586
1849
755
722
6037
1418
3793
2684
2044
5562
3218
4245
1181
4833
1602
2214
509
4215
3328
7100
4243
5498
4784
6473
6183
1411
5086
3446
1456
6819
2357
852
2925
5166
6943
6343
6367
6821
2624
1863
398
4788
1303
1169
6021
324
6294
4437
2761
2691
2666
146
1941
4043
917
6958
411
4696
402
3003
5772
1317
560
6102
3330
5416
6104
1485
794
4361
5469
1319
576
1814
4109
1151
2167
5471
177
508
5509
2564
311
2997
7055
4697
4176
3535
1628
5369
3656
3127
3468
1040
6041
5116
3304
5869
1715
6660
2343
855
5014
4126
2125
2414
2073
5385
1757
5333
730
3788
97
5071
2702
466
1853
1300
1617
1233
5769
812
4798
2448
1981
4601
5482
3510
3808
3550
5224
1292
3378
2803
1358
2699
4875
3011
4641
4
1508
1788
2146
4523
340
1139
3639
2710
3665
141
5274
1706
1773
499
3275
3054
5381
4285
4769
4905
5707
84
4139
6643
1688
5362
493
3219
3336
6382
2157
4568
5621
3178
248
5609
4206
2983
5889
1177
4652
1766
3416
2830
1982
5934
3946
2947
99
5430
3479
6157
6281
3514
3658
864
2910
3368
4741
6120
4400
225
27
4098
5168
5285
4649
4648
5742
5574
4115
4212
2319
1152
2546
373
2228
7030
5425
5203
5534
224
1454
1188
1554
3137
5364
1216
4498
6215
4253
1970
6347
1052
1348
2242
2031
3311
3561
2602
4680
175
2610
1828
5795
1153
893
751
1288
5218
1612
4271
1110
4482
7059
3307
6578
1470
5037
5464
593
3976
1614
4125
5228
1244
3167
806
3143
599
28
6091
6853
6035
4740
4991
3576
548
6765
6493
6955
6383
3309
1737
6422
2681
1989
6395
3506
2664
2253
822
5876
4446
6702
198
4881
6001
938
6381
1771
7025
5781
113
6251
1819
3770
3584
6452
2203
3274
3664
2864
5149
3978
4847
5883
2854
3412
4725
4008
5031
2760
316
233
5611
5406
4049
4839
3045
5721
6652
5322
7105
5321
7014
671
5200
4998
3712
906
562
4046
2004
2549
6657
5542
2831
226
5462
5250
3845
1174
3074
5625
3282
372
691
3938
1746
5150
403
4845
4106
1014
2572
498
4466
946
1697
898
5259
2866
1875
3735
6636
6798
2870
6108
4997
1489
5393
2185
2759
96
3391
2720
3313
6896
6173
249
3717
2982
1972
3152
4368
7114
445
2594
2034
73
3430
4149
1104
3001
1860
5864
5395
1155
6939
5075
2286
6284
4424
1896
3741
4607
6882
5386
3951
6890
4410
3402
5376
881
4004
3975
1249
2729
732
5290
5507
6368
4248
6824
145
3340
6249
4102
1522
400
2748
2674
2166
3875
6002
6072
4715
2905
1314
2142
429
6799
5060
5674
964
6678
2084
4480
2282
6835
17
2964
6880
905
571
3317
2792
1025
2528
5951
5220
1998
3012
2939
825
2107
238
3677
6417
4331
7073
2661
4904
918
6394
3862
4180
2376
6238
3704
4931
1309
2180
6980
4052
4787
1407
1568
2533
6743
3374
3086
6645
6224
6359
2671
2762
1641
6889
6400
4213
2846
443
6266
4195
408
4942
6863
4099
4659
3095
3065
3816
614
4590
4063
2265
1195
6080
1661
6744
94
116
2764
3441
3190
550
4443
2536
4634
5587
1143
877
3792
3335
6042
3238
2623
2643
2849
1835
4713
547
4988
61
7049
6114
564
2537
6797
1852
401
1632
296
7016
515
1059
5758
3920
3827
6937
4434
763
3984
6745
1020
3614
5499
3904
3395
3847
1443
7081
5421
4462
4108
1530
2952
659
434
6153
3532
856
5208
2898
1134
1921
1760
6351
7047
1106
4303
5738
1379
6692
2943
3515
1893
4226
382
1622
2625
1474
5746
2969
2032
2737
6558
5870
4124
3301
4627
6808
2685
4695
6979
6170
6991
2535
22
6299
1559
1462
6841
1725
873
4534
165
4377
1136
6659
1070
2855
4084
2738
1937
147
4151
3710
3698
124
921
6886
5394
715
5080
4007
4048
3050
4305
589
5006
6929
71
2401
7084
858
5647
728
6933
5775
5915
4390
1421
5199
6959
3863
2797
6949
927
2077
484
3668
4878
3184
1175
1552
3290
358
2956
968
1257
3300
6604
3200
1045
6018
1728
6192
2832
2953
2895
5266
5661
4790
1693
6246
299
2251
598
1909
4034
4312
1995
5595
2249
4693
6467
4267
14
1716
313
3227
6175
3728
4914
1886
3890
3916
826
6864
1551
708
885
2355
6203
4413
3061
1428
336
2231
6813
3422
4896
4640
3755
1
5800
4884
1352
915
3814
2721
4145
1487
1718
497
3083
2672
20
3134
3321
154
3714
4804
4935
2291
4409
950
2087
3878
4666
6391
2630
6067
6116
3856
4070
4238
3587
5160
5548
934
3115
2475
3342
3524
6513
5767
2492
4464
2100
1016
1598
5683
457
4575
5019
6077
6088
3879
4673
2778
4310
2164
1935
5705
1543
221
7107
587
5178
6791
5570
2211
5862
5648
5280
5494
974
6046
2814
6620
994
2639
1116
314
33
4819
4204
5743
1322
427
489
5442
3266
5474
926
4165
2488
2238
4841
1579
517
2421
1931
6796
2806
24
3562
1285
6680
1054
2844
5899
5929
5961
3271
4941
423
3111
750
5979
5850
5757
4421
1703
123
6556
3043
5790
4981
1374
4432
4730
3659
6420
2010
4951
1832
5531
2911
6962
4205
6661
3696
1055
2990
3965
2333
1154
5451
3993
972
3217
4499
6146
3026
6927
1277
2195
5782
4961
4033
1678
3469
5794
861
1093
4073
2506
5804
5560
4235
59
6097
5785
6584
1193
3821
1662
7074
1156
617
5459
7099
5650
1334
312
2629
2175
6948
6478
4122
4817
1371
2479
5099
5902
4734
4856
758
5892
3288
5207
5074
1967
2510
144
7033
3716
304
3605
5974
6092
1947
1214
923
590
2998
5553
4486
5873
6616
3253
3516
494
1536
5615
5169
5341
3298
223
4598
5204
5082
4478
6254
3295
2352
6640
1227
5789
3197
1682
2370
1353
1768
2330
5910
1884
4021
393
5409
3848
3171
2226
5514
4324
5243
4094
6358
1546
5175
2463
7091
6552
3586
3326
2244
6439
4519
2648
5067
3721
3855
209
7045
6667
5239
3944
3308
6194
3768
3654
3526
6787
1736
3589
3905
51
40
2512
5428
6352
686
1871
3491
3052
2016
6608
3851
5891
4456
4830
2836
6762
298
5903
6474
2126
5573
1091
2065
867
7089
4280
610
2577
1659
1649
1254
6390
3438
1318
6711
5485
415
267
6550
5126
4388
2726
3538
3198
3631
2423
4295
2694
1524
3189
2035
264
4127
1824
1837
4476
6557
2425
5987
3895
3106
2683
5940
3715
4955
4359
3356
2848
5629
632
4945
5986
3383
1865
5697
1387
803
1977
961
4258
3672
2176
5119
2273
3357
5865
4759
1898
6780
5361
3800
1447
6614
6029
126
6969
3094
5010
1166
65
5017
2912
4169
6803
104
1179
3648
6597
2605
2530
4030
6274
6186
3348
3114
6003
5739
1336
3701
151
1638
3068
7095
3940
4131
4236
2945
2161
1501
4522
2690
2828
514
2763
3244
3798
3915
5540
2897
2458
6279
4842
6107
1676
3959
6193
2387
2147
5776
5367
4027
2733
6361
4956
306
360
6776
4237
2189
1399
3598
1542
5566
407
6223
3459
4873
649
2420
2219
6169
3732
1302
4888
439
1785
469
6470
2597
1613
480
642
687
1221
1488
2027
3511
579
3057
307
5490
1749
525
6528
4133
4185
2743
5418
4336
767
6317
6263
5878
2095
34
2113
135
4081
5170
1097
4067
6613
3599
2817
4709
3444
4247
4806
1388
2772
1008
2036
2826
4770
5468
1115
4645
5596
577
998
2703
804
1419
3963
6706
655
5171
4978
5527
997
936
765
3256
1808
67
4506
1251
1057
4794
1987
3122
3785
4276
1631
1934
4852
6605
2858
1444
4630
3049
2801
5905
381
581
5610
3250
6574
637
1445
5299
4916
5129
5387
2568
5480
2938
6588
3996
2462
1247
6413
5832
2712
136
6726
386
1238
1101
2262
2787
3098
694
1741
4965
285
4003
3636
1073
4540
5505
991
2723
6179
4744
100
6965
357
3618
5602
3509
3457
3869
6999
2811
1246
4251
3347
6971
6538
333
1343
2879
4625
3478
4777
6326
368
908
1180
2013
3836
4681
1263
2574
6260
3766
5177
2833
6747
3601
1618
3293
1518
2916
74
7041
5353
973
172
5959
1870
648
4319
1471
6827
6199
2631
3365
5083
6136
4721
735
1211
2931
3448
1245
1412
4668
5848
1830
1184
3817
2191
5337
3056
2635
3998
5262
4332
6873
5348
1513
5837
1066
1446
2559
2199
6535
4940
3286
1463
160
1855
4283
4287
1268
1080
92
4071
6188
3264
6715
5978
1969
476
2961
3456
2785
3398
2429
524
3820
643
628
6781
4288
641
475
2108
584
5268
5039
6416
6830
3517
1656
6967
3646
5020
6127
5317
2132
5622
1455
3436
5135
2586
1129
884
478
676
6777
799
2861
5728
3544
2972
1495
3554
5700
4395
1276
1701
658
7024
1138
995
2670
2270
5592
2245
6319
1126
4301
527
698
4381
904
5579
1889
5752
4684
6848
5817
6732
3727
5930
4728
3540
5098
5271
5547
4441
5026
3521
3112
4496
1920
2526
3799
5174
3397
1576
2652
3458
4183
2583
6592
2794
7022
6459
4137
3014
6291
5802
3635
2434
3842
161
3790
5489
4326
6458
6311
1369
6891
1409
5033
1640
6884
4252
5484
2567
3718
4654
5491
117
1811
3107
3123
6398
5420
4860
5953
4946
3445
739
1320
1206
6602
4992
6346
101
1739
4160
1258
1308
1729
6818
956
1810
5836
778
835
4430
2706
3433
5269
2089
6733
5164
5830
2148
682
5840
6349
5163
4859
6355
746
6865
6712
1510
4438
399
6665
5371
6518
3296
459
3760
4528
7027
2411
5637
3655
483
6593
6527
5463
3983
6167
392
5565
6086
3573
492
2790
5658
2394
6950
5649
3245
1816
4972
1609
6483
2130
3377
7004
2324
553
4829
5805
4698
3213
6354
272
1879
1493
4260
5378
5989
4218
5879
942
245
2241
2889
4340
1885
868
3214
6916
2331
4311
7036
4665
4504
2248
3974
3025
3124
343
187
1629
1333
2871
1098
605
3578
3992
1512
195
4168
6751
1119
3396
625
6551
5483
6293
3736
4733
107
1964
6502
6900
4321
294
5102
3892
6910
4925
6757
3711
3004
3819
2225
6519
871
4952
2379
684
6134
6779
4658
1401
4087
3867
1065
6110
6498
2615
6050
4893
6564
2653
4755
1414
5952
2014
5665
2428
384
1416
3345
2808
363
4309
2252
2038
5107
2349
323
4222
1178
6449
5128
2780
308
4050
6956
666
2697
1549
6748
5913
2091
5510
2012
5909
190
6752
3604
7112
5922
6369
2447
2552
6373
6052
5708
148
4619
4200
6804
6623
1940
1577
4354
5764
2342
6005
2856
6675
2882
5756
4110
4144
4458
4985
1090
1017
2029
2842
5284
3093
6437
6495
808
1085
1572
1240
4514
5187
347
6098
3835
6034
4831
3988
3069
1429
4074
2002
3109
1694
3927
6750
2090
6642
6149
5147
4433
3294
529
1344
4742
6414
1533
4474
2309
848
5519
5306
1560
3002
977
3899
6547
5027
792
7088
6903
2659
6664
3583
1449
6453
4134
2292
5670
102
4518
108
3251
1114
3541
2470
4095
5713
1848
5976
6140
4926
1087
6742
473
3212
261
2026
6151
911
132
6582
6065
281
4214
1520
3425
1397
2582
5122
6674
2144
899
2775
1440
3481
5798
3135
3546
2496
4974
5787
6431
4885
4032
3277
4574
191
3099
5966
486
3079
391
3703
2612
3046
3692
3018
2642
5555
6180
4090
3044
5481
3270
2145
3825
2114
4577
3090
6374
31
2024
1984
6082
3147
5521
3607
2581
5641
2937
3201
3442
3435
5761
4143
1625
6685
1557
5997
2606
289
5231
4425
2901
6243
4427
1347
1912
847
3072
721
668
1271
4393
5998
5196
5859
4220
2416
6
6881
7066
4440
3979
2789
6472
6510
5089
1663
1732
2143
903
3070
2906
3520
3955
1581
953
5242
5821
4347
2476
5944
3662
5298
5063
18
4757
5212
2732
8
30
5666
5827
4503
437
3269
6327
3930
6817
3761
954
349
6698
1556
5969
6653
3006
7035
2450
230
5248
5928
5645
1619
1791
6688
394
6739
5689
1813
3789
5205
4774
6060
1472
2046
3553
1346
1748
5751
4225
987
5297
3104
3080
673
6074
6440
4240
2561
2134
4471
6635
2419
1324
3434
3523
2731
3837
4545
1956
6271
4281
3343
1907
5167
1226
1478
1215
335
6536
2120
5092
194
6532
3610
4338
3485
4114
1118
4954
4912
2991
5336
744
2687
4894
1872
1099
6095
6492
4357
7086
2366
3182
1954
4138
7003
3325
2081
197
2405
2080
139
2277
6970
1711
4351
2097
1642
4520
940
6411
4407
5888
4035
1645
1864
4077
3320
4677
63
6433
5324
3619
6444
244
523
1326
719
5012
5192
5671
2600
474
4100
5458
6931
3603
6531
1422
907
5081
5988
5097
7018
3041
2747
7008
3381
1710
3885
3132
677
5593
2152
1821
7054
5407
6198
6847
6418
1869
6285
1079
5124
3913
6366
4386
789
5917
1690
3537
6772
3742
1223
4918
5702
1385
2392
5423
3233
1643
3427
5971
2750
1430
4768
1426
520
2824
5066
4358
4175
2030
4584
6573
2481
5843
1001
2707
3484
1689
5916
5295
6866
2579
5581
5276
2484
6350
6783
982
1219
4781
1721
857
2021
4642
6690
2328
3574
4910
3408
4121
3487
6895
6004
4786
1103
1603
1974
5502
5202
4898
624
6445
6105
4370
6184
4600
5351
4548
3744
6428
6158
4318
3431
840
91
6240
2975
1349
4567
4362
4233
3349
227
4452
3305
6987
2668
6261
2033
1664
1528
5029
5847
1959
6651
1627
215
5517
1862
4970
266
4422
4705
2141
2099
6624
3687
3829
6123
2894
4339
5808
6226
202
2626
6476
783
4292
4184
2651
4397
6482
6469
3682
5429
2399
3689
5104
2314
5304
657
4493
1707
6877
2127
3059
2711
3633
2393
2948
3205
1191
3776
4448
5508
507
5591
2922
7103
6385
5002
6386
1182
717
5359
6093
4573
5957
4372
3632
6318
3657
5214
3961
4791
1781
3815
4380
3747
1946
5313
4360
1992
7110
2378
3144
1527
3254
4632
3846
1802
1839
106
3164
2494
5400
188
3454
4158
531
842
966
2595
4242
817
3595
1590
644
2345
4692
1687
1933
4367
3811
3016
5706
5965
5561
993
3355
2193
1573
1423
7082
1071
3854
6524
3450
5300
57
2708
4564
4221
6287
4636
6446
5807
674
5382
2254
546
3036
2936
6500
6792
2406
6901
4962
5030
820
4751
4012
3962
5820
7052
6334
2235
3624
4436
38
319
36
5563
2845
1963
2551
4727
6758
2840
1168
2464
1803
1675
7
6589
2182
1183
5106
3337
5627
1202
6945
1562
3557
6429
262
4502
5479
1043
1665
5004
1278
747
4691
477
6310
5076
2088
1248
72
1280
6451
6753
3440
6989
941
4076
4984
4805
3801
2599
2040
5617
2285
5007
5237
925
5113
4272
2162
1231
3186
2412
4849
167
7034
2062
5550
1646
6759
1434
4302
3008
692
3415
6572
3559
3473
2489
5238
2460
4712
5755
6471
4037
4844
6839
4460
6562
4069
4862
6296
3581
4964
6952
6298
4270
866
1594
2688
50
1787
2320
380
3759
1660
3991
533
303
1563
629
1394
2202
5526
5583
4780
4105
2386
5272
2730
4164
7028
201
6250
3797
6340
5363
720
889
6561
2628
3781
3055
6075
6423
3757
199
6563
471
3153
5191
4923
6501
453
6306
1939
2049
5273
1451
1647
6875
6228
6016
203
3870
6876
2323
4853
6601
5554
1286
1275
4871
2585
4674
6615
4454
7065
6669
585
6320
2716
69
5198
5018
5032
4538
3449
5736
3786
4650
5984
846
1770
865
3832
1733
3739
5077
2715
2410
2527
4848
5411
6930
2039
3419
2829
159
6509
5133
3900
2321
4117
3249
4328
6696
4782
260
5931
7075
6516
5379
2347
5046
3228
6209
337
6000
6961
7071
4967
2007
7043
6869
3594
4582
4013
6611
1201
833
2876
3571
1873
3215
6013
5172
4315
518
6380
1529
5072
809
4976
1713
4980
344
5209
4589
3299
3666
1604
2490
6740
5950
2173
3934
2055
6045
1132
6255
6992
3868
3291
815
3486
2221
5906
5594
1635
7007
3465
4403
1047
4481
2257
39
5457
5643
5241
1834
5453
6028
1672
2751
3060
452
6720
3258
3566
779
3783
4550
3248
5185
7083
4966
2593
1229
6918
4465
5992
1067
2805
6811
88
860
184
6926
3033
6892
3577
2200
1209
6190
5653
3443
5292
2422
922
3977
2043
2981
6415
6693
5153
2919
2918
6353
1186
5675
5607
1962
3236
2092
800
1751
178
2456
4596
2452
169
255
4296
5302
3810
5792
1081
2640
1084
3548
2122
4217
5137
1362
3472
5042
2371
1626
1359
602
4686
325
896
2932
1243
4572
1033
3831
853
2396
2159
5293
3652
3216
6983
2504
1424
4563
3370
4197
4877
6679
6161
2093
5726
6769
4529
5253
5048
1958
4762
4489
1606
5784
4257
4880
2822
1403
2128
7009
5056
6038
6245
6213
1668
5444
4635
2793
1996
1199
4313
6162
6234
7072
6058
2996
1382
1745
6646
3172
4334
530
6789
2246
1459
378
2377
6384
4088
4887
3351
543
4255
6109
5829
3452
440
189
3826
6529
3522
738
265
7062
3154
7026
2868
6379
3623
4031
2773
600
5495
5148
4758
6435
3763
3138
2105
3651
3222
3882
5677
6893
5127
3660
3629
6227
4036
5117
3748
6076
4246
5895
1094
759
5927
1951
4045
5278
2437
3289
4701
2473
1681
505
3973
6571
5131
3359
837
3382
1783
293
6960
2066
2883
976
2354
929
44
5282
526
2677
6609
3169
4622
741
3906
3242
301
7101
1313
3964
1597
1225
838
3919
1378
1124
4917
3246
2601
5588
4995
1019
1986
3075
6923
3166
1431
3285
5356
5
1902
32
182
4919
252
4566
1480
675
1517
1266
1304
3010
2322
6555
1895
3310
2261
5949
1794
6044
1325
5796
544
3504
1367
6039
2433
1666
1051
2660
939
271
3709
1831
1945
6479
6468
6727
1437
6691
5908
292
2742
2637
4913
5339
4379
4378
1565
1593
5398
53
1620
4352
6823
2958
4418
4716
2119
4542
1850
5320
1312
5261
5898
4442
6867
5826
2851
4850
2196
286
222
5624
786
6133
4867
2137
1372
3630
4055
4337
5343
1492
2841
4096
3997
5078
2174
3841
6997
1692
6507
1724
454
6619
6713
1393
6356
1599
726
5021
4307
6323
5993
1453
1230
5749
3420
6596
2332
2872
6718
5599
5256
5956
5644
3706
3791
246
3986
1127
3968
5716
1658
3496
3824
1505
412
580
62
6032
541
709
6682
6253
6168
3117
2923
4933
3621
6831
5303
6187
2022
276
5852
77
6672
6554
6936
2177
3174
164
6247
1867
2131
901
3096
716
2920
2914
2613
5732
5532
4882
5730
1587
1975
5158
2689
3475
1484
3990
2074
5334
7010
3534
1823
3306
4428
2467
3667
3410
2558
6568
2569
1767
3745
4150
2209
4863
1159
6512
839
2028
2086
4118
4756
3160
5576
1540
1351
5960
5814
55
6085
6363
1780
6270
247
5844
6932
6686
2454
3453
4401
3563
5305
5114
5618
4749
713
3642
6595
5745
1648
2951
259
555
3564
3497
5991
900
5686
4329
5055
5051
3588
2427
1759
3297
4429
3302
5040
2521
2576
3558
3549
769
748
4581
2165
3064
1041
2052
5723
4447
4854
6289
6684
2515
15
4664
1786
932
1548
6177
1306
1137
510
712
1331
70
479
1680
6156
1500
6115
4544
4097
5710
6868
2290
2110
690
4491
1906
742
3530
5533
1742
2267
6641
5506
6200
4406
3185
6922
6025
5005
3224
1580
150
3262
6508
251
945
3746
2415
2749
3769
2611
4497
1049
4870
6089
6925
4868
4771
442
5467
3155
1515
2485
989
1639
2571
661
1438
2388
4147
7094
5235
4685
2227
6239
1942
2795
2543
948
4450
2862
1949
6542
2980
4420
6295
4655
5885
931
4815
3332
5211
451
1498
6729
3675
2233
2944
582
5679
636
321
4264
1105
1046
6407
3455
6489
1993
4920
5912
447
1812
3887
157
5460
3569
3344
5901
3694
6855
4855
284
777
2908
2129
6443
2158
2592
5373
5711
4808
2541
1519
2819
4633
6681
6404
5947
7058
5374
4510
4555
6565
3492
1074
5633
5825
6171
6590
3339
3960
6494
5257
5311
6670
5811
174
6874
4488
2468
4653
5093
495
4484
1669
2367
3989
1290
5443
2987
2205
2755
4989
2404
2288
5552
831
2457
3555
3331
2776
4901
1776
4525
3230
5181
4921
1756
3385
331
6655
5249
1948
6822
4858
1122
1570
3708
3191
3616
4091
6049
4947
6755
3071
6567
5190
2562
5760
3705
3503
76
6301
1511
988
955
7108
1526
4612
798
1670
7060
4578
2153
315
5194
5472
5737
4171
4587
4449
5088
568
4166
6786
4959
4202
5920
4209
1545
6539
3334
7002
5673
2312
3593
1925
6709
2852
4468
1578
4615
2096
5778
6546
6196
5291
496
86
2067
5450
3678
6142
1654
878
3102
843
6526
1719
1037
4015
2679
3671
6344
3118
6059
1686
5768
2884
4796
4178
4579
978
1295
5701
468
4821
5360
4040
1442
2072
7097
212
4142
1882
573
6760
2181
1042
6587
1194
6548
5831
5245
6436
1932
3952
6286
3156
723
1148
6348
425
5834
6784
1683
688
2518
572
1588
6600
5685
4190
5345
5842
6421
2339
4198
5994
5773
6506
2788
678
6450
6533
2563
3407
6121
4824
6543
575
3713
4735
957
1740
4609
4224
3752
706
1222
1866
5522
5139
7031
2838
1838
3737
5941
153
5307
6699
4699
2275
4239
4363
6887
6537
5525
6553
3894
1220
350
3857
3272
6977
5254
6036
2921
4259
1696
1027
5222
2713
6809
1730
1698
5047
3767
2725
5454
3261
3762
6257
4161
780
1036
1999
2351
3078
4194
3257
1904
5695
6365
5694
317
622
887
5473
3432
2276
2963
6695
6976
6617
6842
367
5331
2654
3597
3239
1525
4275
1436
3738
4569
2507
305
2810
2556
385
3780
727
1700
219
4075
3877
6515
6658
4284
6917
1360
4439
2179
6011
4079
2768
3861
3695
6782
4162
7015
3211
3723
6966
6307
3602
3029
1117
3936
4801
1131
3684
4823
5244
6160
7079
4547
1370
985
4836
4341
3173
3150
3024
2984
5355
4470
4559
6178
446
5801
528
3981
3683
4723
6603
5157
5286
6580
3015
3512
1712
2170
5759
236
4603
4737
1413
1130
2058
1092
1655
5176
2949
2247
7085
4558
5289
4294
4426
2669
5105
6154
3579
2495
1408
4508
5477
2311
6522
1273
3985
4660
1448
66
6913
3702
5412
5654
6071
5229
1843
2524
4304
156
2917
3048
1004
5663
951
1764
1260
1310
397
3596
3634
1910
3932
2359
6205
1903
405
6902
2274
6648
3354
5419
1918
4688
5973
7109
2340
797
1120
6403
127
4170
1877
6993
134
5023
2041
4038
7048
975
4024
6159
4234
2266
1607
4249
1633
6689
2779
6957
3092
4322
5684
414
185
2853
379
559
1262
5925
6860
4487
3707
984
3796
6119
4241
3031
6362
2816
3903
5110
263
935
155
2297
679
2136
4626
4072
6834
5201
2887
5441
6337
278
810
2820
2857
1077
645
1709
6377
3957
4082
6481
4369
3329
82
4467
2210
5515
992
1452
2381
3502
5884
4078
542
2498
2382
1365
6654
1722
4152
4800
1901
121
4610
6329
413
4383
3279
3539
891
48
7040
6599
4676
6402
4323
1799
1350
6749
5094
4624
5646
3840
4939
3818
1293
2284
1807
5655
875
4356
2988
5856
3725
5849
1961
4396
6994
6063
2397
5162
2634
3386
5288
2620
3644
5090
5414
5824
2008
2234
1028
2373
1790
6581
1574
2821
1516
3346
3670
1550
3085
6953
6043
5740
6569
2070
2101
6520
449
650
180
3494
4536
3551
4256
5227
1674
6577
1142
6276
3853
3338
4656
5972
2728
258
5236
6630
5874
5692
2509
208
5247
3784
5753
1868
6719
4719
409
2192
3225
7113
2218
2973
5427
3480
3367
1391
3774
879
696
2847
4399
6062
1298
5050
6026
1695
1584
5487
6575
5365
4278
3226
4571
4616
5391
3110
3612
3592
2696
6216
3980
6033
6197
5342
3278
5134
4444
3051
6087
1582
1859
5911
3179
5846
5246
5812
943
2400
4986
