5009
2193
4381
3903
1828
2150
2458
655
1932
3851
3542
159
738
1947
3313
1788
4367
4847
3577
4276
3377
2898
1981
1396
1829
4754
1963
3955
2324
3620
3231
2301
1266
3473
2162
866
1476
553
3146
152
4052
2118
3419
2095
3304
1407
1130
2570
2678
3562
13
2906
2958
4954
2008
1060
3792
14
1483
2584
330
363
2710
1822
4728
4289
4491
2491
2275
1705
617
1221
3278
3638
2098
1573
1184
973
988
2266
2007
3214
1661
4468
515
4072
4971
376
2059
3457
831
4420
1429
4211
470
3631
1110
662
1940
3703
927
4753
3644
2040
338
545
3574
3344
4321
1269
2644
1854
3688
2643
4040
3302
3472
3522
841
97
112
3908
3535
4664
3633
2157
4938
1249
1156
533
183
2273
1907
393
4697
2657
2762
3379
1061
2719
3942
2796
1732
2183
4454
1342
3322
4488
4281
4108
1330
3241
1528
926
1739
3393
4006
2904
3026
2634
2056
2806
1387
3138
1674
3541
3961
1747
1319
423
1783
2661
884
1604
2603
1067
1380
3079
3547
2377
3811
578
1744
3469
3935
2591
1213
2795
4629
1043
1847
3080
2578
3321
4736
4346
1353
857
4807
3990
3190
2375
465
4748
4786
2895
4451
282
629
1257
4735
527
3652
4638
4053
4065
966
457
1309
3179
1928
4674
3182
3081
118
1463
4727
4361
3149
1740
3901
3199
2362
4175
588
2149
2586
886
4224
2344
3712
989
4189
122
4631
3503
3310
3292
3749
4628
3723
1142
2316
1865
2465
1905
4038
4407
2768
4194
3732
776
3772
1942
777
2879
3791
1985
2217
4474
3207
2996
4440
4083
911
1481
649
2965
3699
4075
4953
4978
4660
342
4520
4370
3871
52
2224
1677
3568
1964
269
3976
2943
248
4112
523
3205
4094
3123
2492
4294
4485
374
4455
4353
1000
3122
1116
1281
3651
1767
1931
2173
163
2473
2864
772
858
1047
1206
567
1897
2175
1200
4369
2191
1909
708
4270
1305
251
2499
1159
4913
2387
2819
2034
3250
4643
1603
4405
4439
3805
1406
3291
1880
1529
3798
223
3884
1830
1287
2426
4428
3089
529
669
3789
995
1944
2986
2721
2629
4044
40
4670
1268
672
8
1646
3364
1877
2961
2805
361
2605
1025
1427
795
3165
3263
2503
204
1914
2017
3454
4383
2615
3052
971
2573
1519
840
4780
4968
4185
3176
2353
3878
933
2799
4536
3887
3609
1599
4839
205
2071
4484
3048
4981
1255
3029
4549
119
2488
4975
3153
4948
725
946
84
1302
753
1085
3254
944
4492
3674
2871
3739
942
1555
3177
381
4503
970
3508
4666
1090
2858
2046
1672
2525
4279
3909
867
3647
925
135
368
4984
786
3025
1891
3316
1123
4574
4398
3354
4605
1644
1984
2423
4017
375
4445
4360
3751
1050
383
428
2737
2775
3589
4740
3184
1132
1076
2530
2170
2969
2237
2020
4465
748
1680
3054
2597
1607
4696
172
2089
665
560
1761
197
103
3440
3154
1494
2752
2248
2709
93
4013
3645
2974
2389
1736
2433
4309
2427
2532
3009
1660
3717
2388
2232
2621
4524
2064
4469
1967
1515
3539
2764
1514
2429
2119
4220
4563
642
3725
4703
1542
4507
380
72
2997
3168
3526
604
1141
3253
3564
4408
2650
1013
4967
3099
1850
2826
659
4526
4204
224
3720
4659
3821
4371
697
727
4183
3941
4291
3240
151
71
2295
4647
3427
4778
540
1890
2636
3799
2297
1348
3213
1131
1490
1443
2865
3680
2494
2940
965
4852
48
1492
3571
1390
2318
4566
678
4622
4720
4231
99
2931
2912
977
3540
4595
137
1753
4514
1929
414
1540
2607
668
3209
2771
3718
1545
4355
22
3544
3515
637
1189
2978
2833
4163
2478
570
3180
628
3201
2606
150
493
2307
4891
1595
1704
4757
4253
288
4627
4704
4806
452
719
2683
554
817
4681
4318
576
3595
856
3383
4490
247
634
4206
2587
1211
3155
2761
1365
1892
1801
3850
3399
4747
2395
237
2970
1827
4090
4762
2614
4693
4799
2070
266
4564
1832
3641
2963
168
1945
1957
2361
1084
1386
1074
260
95
4996
3074
891
722
1196
4765
1154
3480
1447
1551
2990
2967
3554
2108
1624
4014
1912
4804
2035
371
509
1530
4902
1336
2408
2690
438
1754
3665
238
4937
4020
1375
3050
2214
947
1511
491
861
2846
1861
196
2660
704
1231
136
1420
2552
4934
4142
1857
2306
2941
4358
3257
3353
1639
2247
2228
2422
4920
32
459
1866
4878
3635
1119
2127
4964
2927
217
537
1092
4755
3670
3714
3210
3063
1019
1557
1182
157
3650
1234
166
2345
3187
4290
1773
123
2835
1441
2501
2213
1505
3754
4905
2732
2462
2331
2913
4578
2932
1029
1833
1806
785
1297
2094
1168
110
143
1301
2363
4946
3954
3164
45
4158
4950
3700
3775
2814
126
1842
2262
1242
1810
4437
3242
1230
4336
2680
198
2911
1594
4348
4857
4522
1775
4135
4691
2038
4058
4734
3558
2755
2285
733
3020
370
832
3629
2667
877
165
1500
3872
534
94
4562
3788
3249
2043
1304
2744
2882
674
3332
4652
4865
3870
4676
3114
3745
2949
2722
3351
149
285
1262
4713
3940
1337
2524
2189
2872
2836
3682
3756
2074
4229
702
188
3363
294
1799
3425
1465
1620
4936
3481
1367
2729
2866
2001
2076
915
3100
3943
1374
1605
590
2101
677
710
1355
3628
4983
4102
1423
3524
17
427
3906
425
3707
4559
3986
880
2519
2817
991
3930
1088
2167
586
2531
2849
174
3936
9
1791
1831
3482
4015
2687
3598
3981
3061
1485
4639
125
4352
446
2299
4715
3580
4918
2726
392
424
4648
4741
4560
1233
498
279
2028
3345
2827
472
1468
2212
3401
1064
4062
182
4146
592
4552
3396
3567
316
3283
1282
4976
2770
3028
4569
1834
3461
1172
2439
2505
3320
2143
3509
1382
3433
3746
2674
2263
28
3359
1327
4881
3172
1137
1320
4116
2204
2354
4027
1479
4949
1045
3406
1976
3829
3119
3387
2907
1272
1591
2585
4173
4340
3771
4814
838
304
3022
3648
4970
4690
1275
1038
437
3960
957
3795
3355
1401
2099
912
2310
3008
4047
1538
3634
3070
2980
4995
1083
1844
3625
1938
798
241
4184
4066
787
964
2559
258
4188
2246
1937
4517
4150
2360
2319
4994
3478
898
483
1323
295
1859
1224
1654
4298
2067
1625
4657
745
3711
3518
2772
3173
4124
922
2107
4803
1698
4729
1713
1939
4359
222
4244
3194
1762
3956
2323
2428
1204
2102
436
2124
1007
2096
3958
1005
1164
1998
1518
2412
186
3158
2115
1239
3743
3305
2844
3408
324
3055
1455
3862
2018
862
113
1567
4921
3575
3402
281
3504
3078
4745
4401
4917
4277
3630
3637
2411
3331
806
3299
4200
1925
1089
2005
2575
2773
4315
1057
4646
36
3462
4387
2671
4326
2238
4702
1044
1207
4546
852
1560
997
2870
4303
187
2039
3330
2626
3837
3607
875
3612
3319
1552
1408
744
4516
2041
2889
597
4341
3348
4856
4769
734
1453
4615
4573
219
1313
1369
2600
3456
813
822
278
4259
924
1283
549
4777
4305
3832
2487
6
4310
2226
691
1666
999
2476
1868
2291
2146
1708
1585
1693
1608
1198
1924
2653
3545
2036
2516
352
2267
721
2352
3691
1193
641
532
1733
3324
2279
448
234
1941
4969
4134
4961
1197
3965
2440
2369
1820
648
2697
1450
3581
3912
3195
770
398
2265
3734
550
2734
848
2286
2890
1011
4152
2209
4333
1986
3202
3426
4434
2760
3891
2305
1871
1512
2434
167
1108
2311
652
2543
759
1347
4907
2663
3519
1438
1491
951
992
193
2725
2202
3314
476
3171
3863
3225
1582
4177
4594
4667
1010
263
227
4260
844
3857
4868
4067
325
982
87
2215
1765
2211
4051
1175
2702
2993
3441
2326
783
4783
920
3404
1117
2055
453
4979
4540
830
1364
3817
133
2254
2015
4302
2136
2707
1225
583
3285
4064
1614
481
3528
601
3290
2769
3015
1009
730
1341
440
4366
1459
1935
1927
3793
4166
589
1127
829
3073
2509
774
2160
3737
1719
1640
2715
169
657
3163
4770
2748
4677
2314
4354
2283
3927
4795
1254
2269
2186
4825
2823
3668
2327
1899
3664
1063
2206
1803
1676
3072
3018
1569
3679
775
566
654
401
2367
3449
1772
387
3489
449
519
3447
1467
4356
162
4879
4788
1466
1101
3157
4542
1048
980
793
4069
1583
750
4399
3268
4960
3591
4722
3218
2856
935
4550
3458
851
981
4417
2235
4543
262
2936
2551
1426
4243
1878
518
1400
1716
1972
1473
4351
1377
3247
2019
3619
2456
2842
3769
4519
30
2185
4186
948
2701
2438
3809
1222
4586
2053
3057
2851
3204
3136
207
4202
2989
2225
321
3092
3380
3760
3328
2424
4766
2711
4903
177
3010
2677
1504
4012
627
3256
843
4178
1843
4782
503
3294
781
2942
1100
2058
878
1930
1735
302
3019
4724
3197
1548
1885
1307
2921
4109
66
1415
4344
4567
4863
4823
1823
3770
2641
232
3012
1033
1308
1073
4726
467
4700
4449
2472
333
4113
3543
3170
1214
145
4288
3510
2471
3409
1094
144
1404
4464
3178
1622
3298
2131
525
2130
192
245
3273
3606
1389
4453
3203
1741
4831
2594
4668
4482
2599
490
3395
1
4723
3929
3024
1782
699
4157
1448
3730
2084
4153
3626
3151
2691
2234
3030
2430
626
4620
3963
2841
4651
909
746
3962
54
105
337
2623
422
3339
43
2177
764
1431
1488
846
4123
3381
4925
4746
1564
1734
3329
3236
1550
1445
4570
1975
873
2988
2589
319
1657
289
1326
1216
2905
3566
2339
1992
2504
350
3586
85
1590
365
782
4195
2868
3094
2751
2863
1893
318
1185
3686
432
3880
2756
624
3001
2383
3886
3797
3032
49
4551
4809
4402
517
372
1161
2037
4084
2129
2417
1956
211
1399
3893
1553
1016
2290
1054
2450
1012
415
3592
4046
3031
4914
797
4139
3949
3341
513
246
1643
4389
4472
2696
2052
1792
739
3822
92
3512
4339
1874
3915
3497
1279
4626
3090
4151
3042
160
3428
44
3766
3034
252
2909
3552
3882
596
2011
4966
4025
3356
681
3264
4877
2648
4680
3767
1036
4923
2537
1322
4571
3615
2915
3269
1329
3994
4494
2854
572
2223
4207
1037
3492
121
2507
3466
24
893
2651
2201
3216
4866
1444
495
1701
501
850
2014
3921
3495
4612
1699
108
2493
2357
2765
1926
2251
1535
1099
3483
2
2672
569
1651
2900
1752
901
3602
2050
399
4922
1712
190
2087
2332
3126
2776
2803
3861
863
729
3675
3156
1959
1526
860
4435
3627
2321
3505
1277
3349
2399
313
4323
1845
1220
2972
1146
3488
4034
2829
1436
4508
1572
4654
1946
1973
1107
4692
3385
1714
4395
4939
4733
4848
3280
4039
754
4555
761
2287
2924
3167
4328
917
488
73
3436
2902
1702
4671
3687
1681
4332
2385
185
2535
2490
4705
4164
3890
3391
4836
2335
2025
1379
117
4625
630
3091
4906
2739
842
4956
1882
3999
4327
2837
4802
4801
952
2073
807
3601
2072
3133
3925
608
3982
4128
2256
2441
4285
820
4493
1655
3152
1412
1227
4037
275
3594
1106
4043
329
1867
2753
2502
132
3067
3301
3902
4475
2779
1217
83
2257
4698
1917
1171
4554
2199
1796
3002
3400
1598
3277
1633
4675
872
2903
3228
2231
4601
3340
3237
1163
3420
4577
4931
3617
4413
4213
544
1780
4050
1521
460
2572
55
894
3529
3098
1149
3523
1993
1203
4210
4952
2558
2926
2122
2592
3660
4422
1516
4635
3003
1537
3779
4059
3013
12
4412
685
3430
1824
2583
1795
67
3663
3917
1460
974
1339
19
3755
3913
236
1634
218
3695
2158
1915
314
235
1727
3221
3486
2938
4944
497
826
653
803
530
4853
2091
766
816
3300
972
4170
2172
969
4737
3511
3411
3296
1059
3033
593
3058
1237
1541
1983
3108
3238
3378
4436
3101
2546
1584
1334
4394
845
3729
4219
1731
283
56
18
2194
796
507
2147
1418
4169
4343
4452
3945
2785
3928
1636
1136
41
4127
4521
4845
4228
3128
2135
2624
2484
4390
4530
2391
2825
616
292
4098
4844
2549
4295
142
1936
1855
2694
4588
3889
1656
1896
3689
1623
1534
2382
1994
3804
573
4174
1641
2309
2630
524
433
4368
4767
2222
3920
3818
4644
200
1509
2085
3434
1042
4796
3584
1052
2016
4982
1293
3224
661
2398
26
484
2060
1864
2012
556
4640
1999
3859
153
1105
2009
1619
4117
4264
1949
949
4840
1816
3669
70
1280
1162
3105
1692
305
2100
2675
1533
4254
3782
3874
4864
378
4026
587
1951
1315
4776
1498
312
3
4751
4587
2781
100
2120
4196
469
1750
1376
2704
1911
4523
1371
1955
2343
3576
824
718
3220
4851
4345
4382
2730
4932
4901
4606
1097
2616
908
3597
1652
2749
2554
4055
2092
4501
3765
1662
4792
2208
4248
2163
212
771
1576
1263
2529
4265
1728
5001
2496
2139
1170
2188
4842
3898
4263
3998
1256
3681
2031
4172
249
1472
4828
1679
1391
4376
89
2880
394
4632
1952
3826
1723
3226
4545
3121
1176
1414
2320
2982
2874
3161
1965
3587
4495
3037
762
3919
4190
2945
4896
2000
2276
1270
3014
3897
3415
769
4940
4438
562
2948
4582
2686
2883
1667
1113
1402
1475
3064
4088
1904
3286
1709
1267
4894
779
61
4443
1245
2542
4306
1566
1923
1121
568
1577
1688
619
633
1343
2964
632
4275
1451
3144
1884
389
4888
3245
2355
3673
3293
2483
4989
4565
683
2665
666
1920
3593
4350
3371
286
2145
3989
3616
4614
2797
1218
3621
2467
3082
4812
2338
4021
3490
1898
1024
827
492
2929
1416
4731
1344
3346
3555
1370
4738
1856
711
170
4758
485
1294
2104
660
3232
1499
4862
1177
2999
1746
4252
2619
1921
1684
2179
1722
4607
950
1523
930
505
3169
2956
3697
4197
2828
2944
2282
1356
2065
2358
3506
4684
907
943
1883
2746
2431
938
2027
2032
396
4512
3175
1413
3724
715
4895
5003
3357
1040
1703
3369
2452
790
4572
4904
1486
854
3227
4481
1252
1082
4063
339
4432
962
3757
4556
3023
79
3347
1763
3097
1186
3338
3405
4611
2407
1192
347
1717
2723
4280
2125
4085
563
2404
4227
3827
1001
645
2500
4822
5006
3715
3896
692
1888
913
2820
825
2384
4268
1449
1970
1738
3752
3446
2659
3551
3905
3352
3532
4955
4049
3636
3281
4717
4077
2105
4258
2054
4016
3160
4883
2432
1933
3979
264
384
2679
487
4232
4245
3904
343
620
3117
1958
1977
1720
2368
3260
2315
390
3258
486
3747
3429
3914
261
528
2689
923
1228
1768
1635
4506
3719
4623
2378
1802
3685
4418
2804
4307
1881
728
1670
403
3407
1781
4286
1908
1128
214
1730
25
4910
1858
2878
4513
4529
120
4241
870
1539
3016
4385
4621
20
522
195
758
614
2857
4018
2618
1178
3520
3513
1797
3110
574
299
3333
1517
2571
828
676
4661
1575
2908
1433
3500
1852
755
1471
1901
4813
4330
3120
706
3360
1558
2888
377
4962
81
2048
5002
1066
2495
3068
1153
2740
2220
3046
3761
4998
2628
4266
3361
3365
2759
1145
2106
1201
4274
4706
4672
3065
2420
3309
2386
3069
561
3705
3959
2243
768
929
3334
4773
3546
3127
382
4850
3995
1265
3642
2512
3517
4203
4711
4198
3118
4759
4429
1065
462
2351
2917
3964
2051
90
3537
4784
2886
4581
4598
2724
4947
239
4
335
359
2567
2693
2481
2508
4093
1895
2937
752
2284
4985
3451
4028
1155
2293
4849
794
4535
3244
804
1943
3181
4424
1522
834
4673
2218
3869
2793
2566
2442
2998
4255
1306
2649
4497
1202
1645
979
4192
3931
3132
3471
1056
4406
3773
1034
2057
4463
388
2372
2595
3103
2539
3392
2152
975
199
429
3124
3560
3856
2029
956
33
4182
4278
4479
967
4427
2818
4442
3858
2486
3934
2935
2419
1091
3888
1996
3085
778
994
1687
216
27
4779
1600
2518
4462
4742
2233
2300
3879
4262
306
4656
2366
2241
4500
3938
2110
4136
2855
2928
2260
1388
2364
2347
3653
2556
391
3104
1112
3785
2259
2379
900
2562
2444
3969
2754
228
2370
4209
3261
362
50
2794
4292
3499
612
1642
4893
4308
4048
1350
270
3452
1760
4271
3834
1190
4029
899
4161
2968
3978
1398
716
4140
4311
417
336
4818
3358
327
3975
1405
4325
4710
134
1274
2137
366
4317
2111
3297
3911
2264
4915
3855
905
4911
1332
607
3864
2312
2401
508
837
1333
3639
4882
1749
175
2731
2953
3438
694
2281
3060
2947
1368
1454
3279
2292
3484
4180
315
3768
1290
2831
808
2523
2244
400
1784
1759
2540
621
1602
3654
3806
4133
4590
3758
74
1291
1665
3206
2341
3200
1366
2538
4732
3306
749
4426
1508
4329
3742
3185
3744
4775
1638
1596
3137
2885
3907
2435
1755
1690
88
2187
881
1815
494
558
2013
420
2681
2278
3977
3716
819
2763
4683
4499
2860
3011
1606
2656
2738
435
3842
542
1922
1968
3846
3876
1248
59
3783
3781
2437
731
4409
3450
2635
4267
4423
355
4820
3988
4375
2485
940
1361
2198
1062
2706
4337
4388
468
712
1650
2536
4100
2669
2869
3386
976
4430
2934
879
240
889
2274
2521
231
3671
876
2409
2443
864
600
2261
96
2464
479
2574
2830
4212
2568
2798
4830
1586
1800
4334
4282
2809
1510
4532
1989
3997
3828
4837
2923
2063
265
1554
847
78
3557
2745
2140
1838
406
4073
1870
1028
1686
1807
2541
918
1849
1147
1805
2397
2436
4319
2617
2242
688
147
2664
757
3895
3848
1261
3336
679
2317
60
1718
2340
431
1359
1546
3694
3579
2727
3854
4603
2506
2933
3130
3900
4106
4889
2239
3556
526
140
1068
579
82
1115
3219
310
4374
2406
2325
1493
780
1324
4162
3991
4078
1948
773
2346
3312
2336
4943
1311
1031
2834
3585
953
57
4797
1180
4071
3640
3282
1771
4544
3590
664
1700
3573
701
4892
3974
3813
111
2560
3088
548
4528
2548
1340
4541
91
1978
4167
3835
646
21
1004
2289
2475
3808
4511
575
910
181
1513
1158
1273
155
3267
1597
3831
4781
4576
1617
1144
1358
1157
3414
726
2207
3819
2308
3536
3690
4739
444
1621
4457
720
591
4223
3038
3778
1969
3825
643
2117
1495
3159
4103
1026
2569
2720
4061
939
1250
2747
1742
1527
3007
4105
1629
4884
996
3787
1887
741
206
480
2030
1166
344
2004
3790
1648
1452
42
4131
3764
3303
3188
2400
536
3423
1974
4251
1403
308
4730
3815
2608
1235
373
2892
4835
4634
1238
559
835
1678
4785
985
2647
4772
3583
2742
1419
3786
1223
1706
2390
2103
4089
2461
2741
2620
1295
1041
2609
1853
2337
1721
3892
2394
1053
2454
3812
792
2066
855
4616
1138
1766
623
2914
3728
1503
3372
156
3985
756
148
256
740
3083
2270
763
3096
1432
2271
1906
2976
1219
4885
1547
2708
3939
3129
2113
4861
3957
1394
4129
4425
2174
4301
4115
4974
3894
2460
693
477
2294
2750
4854
3993
810
4365
1565
2891
552
1979
3191
2455
1292
1298
3005
2533
2196
1876
4817
4662
1748
1212
3326
4833
3059
4141
4832
4068
3398
1813
4104
4771
4221
1378
3265
1536
4682
3271
138
3343
2210
2581
5
2033
1435
4609
4679
1362
4583
4446
3596
1506
2216
2517
1133
606
3565
267
2522
407
3820
1349
2563
3923
4222
2062
1300
595
919
2164
767
4489
3570
1181
7
4392
4273
2527
4774
3527
4060
2482
571
131
903
4225
3937
1520
2350
4293
311
4743
5005
2946
4819
3883
4589
3672
502
1628
823
1995
2952
1563
4487
3852
504
4111
1102
3946
332
2642
4269
4125
4143
3248
695
2296
4872
4502
3678
3027
4935
3971
3389
1613
2816
546
1663
1913
77
4808
3131
412
3701
4695
1317
3229
4637
3460
3885
4101
4756
3530
1474
3148
4815
2658
1482
1561
631
1303
1879
4138
1574
1357
1288
675
4160
1848
4909
2545
3843
3233
3996
1592
3276
2075
506
4033
458
2477
1817
2981
51
3646
760
4256
1093
4972
128
4397
1103
3239
1764
3370
1070
3494
4022
3166
4257
4721
139
69
936
2144
802
2061
4081
4191
1183
1903
5008
4999
4447
941
4466
3498
1439
2334
1627
3362
2200
2684
1694
4156
960
4709
2977
4363
4977
271
3839
958
602
331
4362
2564
4916
609
3470
818
10
2633
1487
4092
4957
2197
1165
3706
1027
4633
2973
3485
189
3501
3417
1835
130
3970
1615
233
114
1774
1726
2698
276
1580
2403
4193
2789
2182
1286
1030
4313
2329
2985
2474
1325
3600
4597
945
2348
4110
3800
3445
3095
4008
3561
4959
3337
3676
75
1886
2962
584
4471
2991
3036
4230
2498
1022
2250
2984
3288
2881
4859
1695
3255
4086
4137
1980
1568
4600
2778
4004
3368
2374
4458
3866
4686
4624
2049
3916
2646
2449
301
1991
4419
1756
1462
4250
2396
644
4927
2790
291
1078
2123
1354
2800
538
4372
737
4557
3661
4658
3410
1264
2112
4201
4478
990
3439
1570
2910
4496
3614
4130
4811
2024
4297
1549
3696
348
1035
213
598
3759
3077
1785
1209
4874
4477
1571
3655
2447
3753
4642
3649
684
1649
2610
1934
2109
4304
3390
1919
682
3040
3796
3531
1851
409
1745
618
1609
4613
535
3323
2848
1982
2468
871
3704
360
1469
4226
4655
3847
2086
4630
821
2528
3816
4553
2469
3112
868
3109
1524
115
1372
3944
4010
1950
1421
3698
3881
4719
3222
4843
1143
1124
3548
461
3049
499
1023
2497
853
3317
2588
887
1496
4580
297
106
1682
3463
230
3748
3000
2134
1757
4585
2590
4122
1187
3973
124
2229
696
859
4410
3093
4617
3183
3659
1215
788
3287
3932
1434
3873
1125
303
62
1826
4236
3066
4331
1422
2069
229
984
1148
3041
109
255
906
4461
3366
4897
4575
640
2313
307
3111
1477
4003
463
1338
3657
2021
1008
290
4510
4678
4007
2253
2627
4539
978
2153
3424
3102
4054
2666
4074
998
4855
1501
1697
3459
250
2602
4596
2365
3432
789
3212
1789
2154
404
3810
4867
3693
4870
1778
1071
713
667
4537
2613
2824
3622
4467
4653
3084
4568
1316
3043
3801
3713
4547
1003
1352
1962
1531
3382
4023
2479
3677
3350
1072
2079
1691
225
1811
3951
2550
4826
2480
2622
1689
1668
1425
4079
208
1424
2673
1296
2930
4708
4299
2637
2884
4890
3624
2184
434
2788
705
3295
937
531
3662
2252
4247
3051
1798
273
2821
2240
4858
928
2777
2544
2268
268
39
4242
689
3465
4561
3656
243
2867
2168
3335
3603
510
1484
385
2511
3413
2959
3274
3502
3507
2333
885
4416
2922
466
4041
3266
577
3948
4525
2736
3139
1021
2919
1997
2181
474
3045
4610
4019
3196
2463
961
4714
1673
1014
1683
1776
4579
1363
784
673
736
4834
2148
4604
280
4347
293
3727
4070
690
1971
4846
1954
3849
3611
2236
176
1114
1497
4460
1685
1039
277
1173
3608
2133
4988
4249
3467
1953
4860
4787
1637
2792
735
3514
1104
2640
1610
351
1247
63
4701
2165
1260
2161
3582
2227
541
358
1437
3599
892
656
4515
221
5007
416
3215
1122
2580
1087
3262
3143
1139
4002
1618
272
2845
4024
4951
3838
4144
2950
4126
2381
4930
1410
2082
647
2850
309
2713
4800
4456
46
2916
1837
3422
3251
3924
1259
2601
543
1205
328
4908
161
1808
670
4335
2371
2604
2425
35
154
4963
439
2712
2128
1312
4120
605
4805
751
4548
3588
564
603
3980
450
1918
3342
4794
4584
127
80
4217
475
2971
2901
47
2510
4097
2577
1017
1331
2453
4364
442
2045
1787
1285
141
418
3116
516
986
4824
386
2342
2156
4991
1562
4593
2402
4096
3750
3802
3047
791
594
4373
2203
4929
4665
317
4873
464
743
904
1289
932
4107
1020
4118
4498
4176
512
2457
4875
2786
833
2258
687
173
1241
3307
3115
547
1616
3086
1428
723
4155
2190
2897
1055
869
585
4237
639
3777
700
1988
16
521
346
1711
4789
2180
1612
4199
638
356
1889
1383
2298
357
4036
4899
2272
4663
2178
455
2728
1151
1987
983
4718
3373
3275
4396
1397
1208
129
1715
4056
2159
3845
426
1669
1589
2654
3208
4171
805
2957
4699
3814
1226
4011
3431
2757
4032
1846
1990
4744
2090
3613
4099
2288
2026
2373
1411
2670
4504
3740
4480
4216
3270
2445
615
650
1794
3807
987
171
102
1373
300
3966
3418
3217
4763
1659
4208
4486
3448
322
4414
3533
916
1630
1251
2714
2995
1653
2718
254
1779
4761
3455
2042
500
11
1863
4898
815
3780
3464
2813
635
4986
2699
1345
4000
2328
2169
1002
2766
1770
3731
242
3658
489
3394
1464
3134
1240
4871
478
3474
3006
2561
4534
3468
411
4887
2987
3762
896
4324
4518
2302
2547
3972
2151
651
4384
2114
1179
4919
4912
4246
1579
4531
3412
3443
1328
1276
955
1825
1578
3853
3741
1461
800
4591
2349
3968
2791
934
3311
402
4687
4296
4980
2645
1335
3692
1199
1058
1478
1587
511
3618
2639
179
2853
1507
2983
3722
3875
4945
2083
839
968
3867
2859
1611
445
4057
456
902
298
4349
2893
3738
4300
1544
849
613
799
496
2489
4821
3774
1314
3605
4148
1559
4791
1966
895
3035
164
2668
76
1278
4386
2652
37
2896
2555
3453
3235
2534
4240
2733
4415
2304
2838
2010
2598
430
1841
1793
4187
1129
636
1556
1581
1310
2466
1839
4829
1096
1900
341
3017
2393
31
724
410
4716
4641
3106
3246
1246
3953
4235
2249
201
2121
4132
101
419
220
2255
4619
2565
3186
2579
4869
2446
326
3087
1743
2322
1381
2612
408
1875
4636
1960
1174
1095
116
2975
2576
1814
4179
4505
4433
3926
1243
253
3491
2787
4997
146
4941
557
2992
4314
2625
1351
3521
2142
4900
2006
555
3327
1707
1675
2920
4816
3135
3442
210
2047
447
2700
1836
4608
4448
4320
3683
2632
1632
4005
1710
2410
2044
4322
4538
3476
4431
107
2676
4030
4760
1150
405
2811
3318
622
2873
883
395
68
4391
3525
599
1126
3538
1409
4602
914
4990
1860
3308
931
1647
98
2451
3162
2994
4238
4886
4707
4483
2847
4768
473
1489
4841
4287
2960
2767
296
1077
191
3984
284
4342
1346
413
3147
443
2692
3416
334
888
4087
2171
421
3910
53
4404
3142
5004
4272
1840
2875
3403
3004
4650
259
4965
202
3252
4942
2515
4750
104
747
3259
3193
4168
1134
4165
2822
742
2758
1543
4459
4533
471
3733
1120
874
4031
184
2526
1051
1821
1458
3710
1015
3702
3397
2553
2022
4095
2376
1194
4470
4035
3841
2801
2080
2330
565
3243
2955
367
1769
1873
4411
4689
2132
2887
1086
3223
1321
2631
4933
3569
1392
698
3623
1671
215
4441
4338
2068
3141
3987
2951
194
2116
3667
3150
4880
1191
3899
4798
340
812
3684
3877
3794
2899
3776
4042
3860
551
2688
3992
3559
451
1961
3735
1393
4045
2459
345
1502
3189
2219
811
209
4876
1588
2413
2195
2966
274
2705
1069
610
1790
4121
244
23
3475
714
379
4993
1395
1446
1626
4261
2192
58
1818
4076
2081
3516
4928
836
4145
1140
1049
2230
1470
2593
1210
2894
3830
65
4215
3021
2245
680
625
1195
1384
86
3922
581
2685
959
4444
1809
3062
2392
539
4119
4599
2221
2138
2716
2155
3076
2514
4114
2655
2843
4527
2205
1271
4357
1658
3553
178
1385
2743
4725
2782
5009
2611
1812
2380
801
1284
349
514
1869
3666
3736
4958
4558
3234
1729
4283
3840
3145
34
897
765
369
2918
3604
1916
1188
4378
4764
1075
3071
1862
1525
2097
4181
3833
1440
3803
4316
287
4205
4476
4827
2784
3174
2682
2815
3230
3563
226
2839
4379
1111
2810
1430
2780
703
354
2774
4790
1758
2002
257
2695
3493
4973
2717
3643
3726
4649
158
3437
4669
3823
1456
4234
3289
1018
5000
3198
3384
2280
2638
441
2176
1258
3534
3865
3192
4400
1160
963
3315
2418
1480
3107
1299
454
4924
1777
2470
2662
3056
686
2448
3435
2807
3572
3709
1229
4239
732
3824
1593
2421
4473
3844
1786
4926
2979
1819
3784
320
3950
954
3632
2703
4992
2832
2277
364
1532
1169
1079
3113
3053
4987
671
1664
2126
2088
4154
3272
1804
1135
3836
3075
1253
663
4218
3375
2861
1724
1244
203
4421
3487
4377
3284
64
1725
4450
2166
2414
580
1910
1098
865
4284
4793
2925
3388
3496
4149
3039
1737
2808
1696
3549
2520
2557
3918
2415
3708
4645
3721
2840
2735
2093
3125
4694
1236
3044
3367
2023
3952
4838
2303
4001
4752
4509
3477
4685
2852
1118
709
3421
2596
2582
4403
1601
1631
1081
3763
38
1080
4393
2077
2405
4214
2862
4312
1109
814
2356
809
1032
4091
1046
2416
4688
4380
2954
3983
180
1167
1417
353
1318
1006
3550
4712
4082
4147
2812
3444
2939
29
658
2141
3947
2783
4749
323
3325
2513
1360
482
3610
921
2003
1442
1751
397
2876
3967
3376
890
3578
1894
1457
3211
3374
2802
2359
4233
3933
4618
2078
3140
3479
4810
717
882
1872
520
4159
1902
993
15
2877
3868
1152
707
582
4592
1232
611
4009
4080
