9465
8177
1128
6952
2102
7421
7344
5391
8087
8515
8311
2700
4170
8002
1581
9095
5230
4630
8960
8793
1261
4256
4981
6262
1352
4506
2300
8755
9050
4965
3496
3882
2239
7565
6674
5693
3712
1885
2179
1845
927
3762
3600
8250
1793
4803
1699
3277
2687
3214
6138
3391
1388
7440
5040
5980
4773
2882
7583
8603
2697
4528
6939
2309
8138
5759
5459
1803
1085
7578
7434
7186
8169
2818
6670
6720
1975
1656
8490
545
3974
7126
195
8171
588
7965
3169
970
2729
1114
987
8397
3610
2358
2481
7159
7736
4566
7377
3717
3488
5555
6928
9454
840
1551
2805
5962
3337
9181
1792
3704
3193
9374
4385
3378
7378
6010
398
1140
8504
6270
9288
5305
3250
7780
626
7243
6992
8685
7
5725
3555
9385
8072
2541
3042
6211
7939
3190
4024
7122
5460
7673
3434
4333
6203
4089
8253
9347
6792
6089
1740
198
1249
6107
2583
5839
3043
7597
7158
9027
8614
6128
2129
8165
1683
3271
6268
2295
766
2443
1110
3843
2755
4095
2683
519
1395
406
3014
5619
4471
3545
5339
4509
6763
5255
8704
404
7011
5837
8821
3609
6461
7718
7209
4825
6571
8211
2322
7814
5144
5023
8476
1814
7602
1503
5442
2510
8988
2161
2232
8886
6635
6716
7742
346
6623
3196
8430
6570
5112
8282
4929
112
8642
1785
6500
7104
980
6698
2690
9045
4009
8479
5439
2110
3032
8477
8269
3113
6853
8309
9157
3393
4771
8773
2953
2081
3405
8871
6163
7316
5383
678
6054
1273
752
5709
1258
1466
7356
1905
9294
6527
1883
4182
6705
510
8063
7161
3731
3687
4123
19
2325
300
7647
5983
7735
2688
5582
8329
4504
2622
3996
4827
1226
5427
360
5705
3564
1314
5578
5158
8289
7750
8160
3535
287
1201
3746
2377
2981
2244
4070
5844
8910
653
8779
6994
9312
371
5966
2414
4625
7505
1796
7637
7137
1049
5765
4695
2825
5273
814
4178
512
8230
1637
3892
1988
2972
8094
8431
2296
8073
7322
511
3398
7460
6848
7380
1469
2894
3457
5227
3871
5661
8808
5186
7027
9302
3677
6622
6360
4309
1694
6531
488
546
5242
8308
1523
5998
4774
2634
1344
261
3401
5384
3325
6940
167
6318
7175
2050
7402
5476
6099
1485
8646
3235
2157
1436
822
7621
4749
7571
7148
71
2764
1289
7783
9359
1590
2957
6936
7854
1410
9173
6603
2040
4394
3356
2461
9032
3174
7758
2812
6739
3407
85
6235
4856
1149
8161
5594
5193
8417
3229
4866
3329
1959
7165
8647
6522
5494
6370
6430
6395
7531
6540
963
86
8392
9083
3596
7810
6094
8574
5949
8455
6706
3227
2279
8385
6111
8824
6892
1461
1225
6022
7808
1489
6124
6564
2405
8126
152
1220
4632
7217
4396
75
1864
5433
1046
6206
4739
6014
5238
8763
7896
8167
5340
1564
1872
6885
1753
6844
2689
4105
6410
5275
5922
3844
8952
3059
3335
3383
9122
1733
6617
9387
6481
8619
6779
5529
6669
1536
2695
8712
7487
5135
7949
1465
1688
2230
4724
2832
2613
2263
2913
5180
8136
6677
4897
1113
229
5359
5262
168
2080
6915
6243
121
4928
3321
3080
6166
2084
4683
7388
9324
9371
9289
772
6011
4463
9460
1073
4132
9462
3838
8124
4283
5923
299
5502
7317
5779
4826
4669
211
1622
8776
53
3683
7284
5017
9278
2396
2607
9443
2326
7326
5398
2327
7709
912
3442
5378
5642
1297
4261
5120
8215
6820
2923
7136
6642
376
3220
7973
2514
5036
3724
4654
3718
2305
1820
5128
6869
3692
4916
1029
4616
2604
7263
4706
4157
5187
995
4332
3707
5223
3899
7701
5266
4511
2780
805
940
9309
5085
9410
2439
3476
4138
922
8029
5225
8472
566
2121
3091
3713
934
9227
1058
8573
214
7517
4030
776
3063
1223
251
2504
1483
7242
7931
9048
7926
5372
1942
7782
4377
484
1790
1645
4679
9351
7141
3960
7459
2772
8505
5431
1109
8832
5940
9015
9038
4501
5530
5755
2399
5567
3784
3331
2740
803
2994
4730
5215
3245
5753
953
6523
7232
9301
1191
4531
5518
9020
501
7642
1828
4726
3370
8626
2261
4244
5626
3452
6065
1913
3466
8874
3790
8473
7992
854
4633
4718
6785
1585
6484
1624
8267
9368
4498
4088
8326
5030
2826
7348
4681
6244
1092
2474
3114
2509
2058
551
6413
702
9009
8724
5146
1549
2107
773
3987
172
2916
7481
2836
352
7825
6829
3645
7431
1309
2373
1878
1859
3025
770
8236
5453
8880
7257
3078
3132
5481
3302
6895
8899
1164
6667
354
1231
2009
6374
1492
7614
6169
8480
1856
6412
4549
9061
4400
789
1195
1933
1095
6073
8972
6194
5741
884
4634
8627
9264
2512
3134
5826
1962
4044
3049
6703
7201
7258
3177
495
817
4979
4717
4310
3037
1499
8893
948
5196
8314
1903
4615
8340
2564
7980
6046
1325
8280
9274
6249
8304
5876
9167
9118
3274
8781
3834
190
4234
5833
7683
8444
3554
5974
5852
1858
4747
9338
8815
3300
7099
2566
816
7610
8210
3191
6520
6762
4068
6116
5674
4001
3138
8761
7927
8413
5875
4177
7957
9041
9108
5815
3527
5156
8440
1147
8544
4815
7662
1403
6165
781
3473
3432
5924
6170
7187
5951
4910
8157
1412
2379
9230
1392
7131
4541
6488
7674
2029
2045
6905
9000
2714
6567
1844
5352
3507
3630
7037
5076
7055
7179
5134
4140
8528
1971
2283
4762
4018
5738
4500
1435
2781
2307
2776
373
5783
8549
977
3969
544
641
2670
1086
2666
5889
7722
1935
4449
6431
2618
192
8674
8766
8811
6615
282
2531
2918
1199
8896
235
2407
4430
3686
247
1427
2115
881
8538
5511
8263
8475
2980
8959
4094
2018
4136
4304
254
5703
6070
1313
1099
8595
5108
9291
897
3424
7309
5216
1451
1035
4319
4301
7238
1512
5362
8090
8848
1358
5357
92
3267
3526
4224
5306
8767
4991
6991
7342
7689
3425
3458
3117
3726
3481
6113
5666
1912
5444
7781
3295
8183
1023
1468
9168
8768
8588
350
7501
6181
6083
7002
4639
4328
3352
7884
1797
4112
8522
7295
4842
5067
5545
2367
543
7589
2962
6613
1898
1455
942
2685
5994
9066
8420
8035
703
8214
3799
6751
3465
4207
8442
9197
5267
6713
7982
9303
5104
8060
4058
3612
4382
4510
5198
2055
7507
1317
3161
7746
1284
7889
4612
3045
3131
2277
8148
8857
8276
442
7563
5638
7312
2281
7998
1394
828
3965
6624
407
8749
4966
9206
6351
1784
7901
2099
2359
6896
605
597
3237
2961
3194
6614
3107
9299
7585
6572
1417
2074
8294
4141
7663
7790
6051
6976
4814
587
7677
7797
8734
4705
3119
8870
5604
7596
2535
8517
3734
3247
7524
7711
1302
6473
7974
991
7713
7940
6441
7230
6476
1275
2603
5028
8196
7260
5129
3087
4595
5935
4096
8938
2526
3413
7702
4776
6747
783
3036
1146
6910
2014
1515
5728
913
6215
8875
5554
4084
5991
4115
7635
3165
7769
974
3249
5071
5346
2738
9326
3353
5045
6214
8591
1960
5943
4713
2312
4027
5449
3977
9336
4998
3314
8859
734
9110
5236
2387
3753
7044
3207
1597
3171
1783
6310
1968
877
6997
4107
6536
3631
2871
2219
865
3495
5122
2360
5077
1453
797
591
6325
1182
3468
1038
142
2095
5189
8993
2518
4376
5232
430
3202
9202
8201
8004
4835
5787
457
3850
9091
2974
9072
5373
8061
2395
197
4512
4150
9057
1383
1265
3585
9256
5735
1088
1326
4469
3006
3560
6948
3330
1702
33
5082
4208
435
7355
1824
7608
446
3925
9254
2015
5355
2288
7239
6189
1634
8259
5676
4886
7885
1295
2784
2069
693
5068
9349
7767
1760
7640
2171
1214
6328
2421
8278
3749
5640
8851
3767
1268
3251
3004
3285
2906
6556
5570
319
3460
5805
3400
1941
3384
4047
1093
2191
6229
6692
8631
3104
1826
3368
7466
1324
4857
4551
3841
2806
6804
4750
8261
4834
2964
4988
8543
9217
8869
5319
138
9212
61
7788
943
6184
5389
6593
5522
8991
7821
7532
5458
8461
4363
5745
9314
1077
4797
586
7408
9450
5560
6143
8546
5859
7777
4580
7789
531
3924
5972
1136
7058
6067
7805
3548
7206
871
385
7796
5059
68
2175
4456
2411
320
4647
5148
2678
5970
349
7933
5107
4697
7474
2389
5658
9155
7968
1204
2515
7083
9416
4236
4723
7412
8113
4160
8570
994
3764
1631
5325
4648
4921
7594
3895
5348
8303
6743
1227
5774
8612
6297
7704
8343
3804
889
9436
9276
4794
1380
6566
6144
6108
1425
7714
917
5603
9232
9039
2380
7820
1496
4391
5192
9034
6382
1655
1674
2759
8172
448
5083
4680
8868
2863
2516
6697
4258
8885
632
8368
6450
7723
5014
4383
7873
3907
89
7624
874
4889
6562
4211
6831
3011
2229
1238
1554
8382
5286
8452
1818
2653
7341
6840
688
7318
3636
7918
5692
5224
5977
5520
305
6987
4451
3307
1618
520
5517
9170
9140
3730
8067
7202
4152
3339
3770
6261
3505
9137
2370
5048
4606
6127
2479
6456
3908
8533
3276
1669
9016
8112
6311
1020
219
5256
2811
6534
2978
5549
1371
5385
7415
5504
2257
5374
1865
3141
4005
2070
8990
2163
4386
5138
1609
7969
8318
6750
4325
5323
563
9408
2197
4525
6926
2506
2727
137
5925
6346
7133
187
2427
1039
5544
7373
8078
1428
1142
7811
8488
5704
7628
7856
2180
1102
1419
8586
4460
8814
5736
2462
7277
7593
6264
165
7034
8790
1245
9019
321
1741
4225
3180
2274
475
6947
4828
1836
4398
2584
3254
2708
9429
3449
726
2234
502
700
1407
2746
1336
6150
4777
6125
6378
1951
7023
5616
3566
6210
1632
7569
1698
4653
7875
4572
1169
4435
6417
4269
1776
6156
8099
4533
7619
6886
8751
1679
5191
5648
4226
631
1335
65
2998
8658
7197
7278
5945
1291
6865
7695
3357
2525
445
6709
5907
3651
8252
1980
286
7185
844
2098
2995
4871
3773
7813
2468
5019
3046
7655
496
2532
5247
5368
2691
131
6230
4222
1127
7171
9355
6592
3361
6053
7113
1742
5987
6324
9090
4860
2293
2220
8881
7038
3878
9004
9403
1321
5997
3252
4210
6081
4672
5614
633
6553
6888
322
7824
1354
4663
8941
7836
4308
2608
3643
6801
6321
4800
3635
7956
9127
7333
5321
4858
3777
2336
6979
1196
4114
81
2984
690
4361
548
3093
1517
6096
5881
5301
2459
2986
574
5654
2875
4841
3714
6152
4604
5388
5910
3217
971
8203
6209
2597
4219
3433
6106
6644
7068
517
869
487
1315
3944
6273
3598
855
2282
9260
8254
4577
5276
898
2699
8933
6738
1339
281
8836
3662
3342
8606
6924
330
2935
8178
5841
332
9310
4446
2682
3623
5292
4942
8451
2956
6980
5033
3099
3387
4232
2420
9280
668
8536
3494
6105
6612
947
2922
4905
356
5872
3634
4432
4462
2085
7627
6159
6771
8154
2572
7124
8898
4323
1621
8458
8195
8445
4915
7077
2959
9029
3973
111
8023
54
3044
5887
4288
8426
5288
1996
5939
7480
166
5169
613
654
4259
7420
2831
579
5103
4980
2064
7048
6821
2528
402
8850
5364
2988
8678
6781
8638
5349
6068
1706
5409
160
5534
4975
4441
1236
3990
4963
8927
7049
8831
8581
7274
3054
4200
7086
2551
8911
271
6672
9262
2782
5848
9307
7062
1993
4516
2501
9293
1508
4197
185
3678
7451
2508
8929
2354
8625
3260
1696
6072
4369
1653
5917
774
6547
1704
951
2475
5322
324
2846
5595
5623
6358
4049
4119
6355
8384
902
3455
6342
5046
8364
5596
7472
7579
3932
3084
4181
2104
419
7826
1831
4748
3020
7200
3341
1562
8079
6755
5004
5327
7720
7898
4554
7376
1431
6943
3130
5632
1254
4933
472
9054
3733
5496
7305
675
7367
2587
3231
3072
8694
8109
7168
3561
5303
2704
3317
8485
6671
8571
2828
7178
7403
7535
6832
9300
4778
2133
4366
476
1459
2203
425
2844
8792
9268
920
3553
5720
2503
3573
2884
8688
2125
2347
896
2635
4103
6216
1758
202
2591
5698
5559
8977
8527
4731
6200
2392
9319
7844
5392
2807
8558
3110
1811
7809
8906
3669
6867
9434
7871
8039
5151
3789
7740
4340
1222
2035
2381
3879
3034
5722
3570
3005
3035
2408
4245
390
4888
7476
66
6954
6076
7051
4687
7264
8518
8535
2849
110
9266
416
8492
2888
1442
1434
8010
1228
1817
2663
3737
5405
7995
4990
7484
7357
1768
3608
4073
2206
639
3221
5641
1979
2930
3691
5993
552
615
7851
4390
4447
6796
5406
2985
6071
7287
156
67
1952
6620
6002
1511
8042
4995
7575
4196
607
7007
555
4931
2520
18
6282
9433
7670
4865
526
1921
4781
2855
1334
6123
7410
4838
1369
6384
5038
1185
7059
6333
1579
9120
6985
7196
3774
5646
1565
9323
5055
2909
3571
8058
9062
6999
4091
1770
608
4293
7729
6036
9251
3866
262
1063
6019
5089
2285
837
6172
9035
6990
4491
5999
2817
9052
3931
170
6469
1310
5465
3934
9107
3775
2845
8635
5612
1714
2979
7812
846
7568
9109
5613
3945
2192
4879
550
5419
6777
4903
2765
4514
8774
7351
7229
6074
9070
7862
1520
1561
1495
2324
6513
5740
7220
4540
8791
4623
7010
8319
7756
7363
8141
3786
3976
6977
8592
1170
7975
2245
924
8673
2723
2779
7079
2536
9409
8342
5417
1994
4891
1232
9246
3639
580
4343
3865
5420
2270
5025
6516
3067
2716
3551
1966
1306
4148
6199
8706
1725
9104
1391
5505
3211
5176
7411
4331
1400
4699
4038
6684
253
4919
5528
3447
5986
2658
2339
732
9327
2942
7409
2128
3238
8541
4792
8151
2122
1757
4715
1616
8057
8728
9044
1494
5013
23
7798
8464
2533
6193
1666
8212
5795
4885
5832
1643
4180
3905
8229
5636
6679
1810
1107
1487
705
4079
669
6236
9330
2645
4359
8070
8006
6646
910
5175
3970
3522
7866
8395
979
2330
5979
361
2636
3336
2139
7066
7307
1024
8052
8936
6332
7468
21
6267
5347
6343
3423
1713
3346
4312
6142
7909
7510
9176
7006
7399
2701
5335
8986
7275
554
904
4971
5798
5671
6538
5155
5285
3939
3296
2292
8387
4349
9350
8637
2898
99
1080
7076
2268
8362
1998
7513
4878
7112
3283
2648
6894
5498
1558
6377
1538
4019
5877
2071
1221
4831
6352
1135
4768
2266
5454
4097
1163
6900
8547
1123
3293
9453
9002
7271
5172
1854
1471
6757
992
1458
2872
347
1660
1705
2996
5893
6339
3696
7089
3236
2813
6145
3826
3515
6984
3172
5886
7385
6312
4021
5264
3835
9328
9161
6091
1809
4691
4320
1172
4481
8994
2633
9194
3928
2999
449
5056
6479
2941
7417
3493
2880
5840
5078
3492
7438
9367
8091
2498
5197
7698
5597
6546
6518
4131
264
7761
6117
4821
10
2144
7060
6710
8407
1657
1194
1545
8457
8225
2186
5173
8799
9036
4098
3716
8044
6130
4742
3963
2709
6794
2507
3310
3926
1596
4077
5395
5338
7660
6585
8914
7022
7962
5299
4043
7103
7320
1283
3937
8016
3126
2864
5136
3440
2178
5865
5969
7172
911
6251
7817
1747
1932
7922
2527
4187
6040
5816
2173
5274
9235
5536
529
5884
9348
680
49
2997
2932
4862
9325
4522
3589
4537
3995
6082
1639
3929
479
4318
5008
9242
8649
6157
3379
5931
4564
6000
316
3136
4064
4388
107
6023
4338
2356
7315
7534
8258
461
3420
8162
2675
7622
7443
31
4411
830
7149
3756
1055
1736
413
3056
7652
604
7478
8721
856
9148
8596
7799
8064
5684
2289
8672
1067
1876
2378
6533
6434
8974
4277
8970
8265
2091
5281
6007
738
4437
4314
505
1961
4519
9209
6445
6177
8425
7299
7111
8590
3334
8114
1197
3403
2553
3147
2116
8360
7382
5599
9345
1920
311
8266
5607
4610
7687
9234
6949
4766
3055
9259
7483
5516
3007
4527
3695
1734
3920
7129
3362
7792
1964
671
1296
6440
5109
426
7911
3255
6619
1330
3429
1505
6466
8745
8890
4894
6454
4956
3511
4201
2519
8493
3178
6300
7773
259
3831
4274
5960
8396
8494
6573
7778
8285
5020
7191
8607
600
5800
6400
2494
1150
7908
3029
6364
2062
5066
1687
1462
3369
2118
1529
7251
397
793
348
4090
9188
4299
5399
7392
6909
537
3421
5630
7176
7115
5894
5978
2223
106
5436
5090
860
3243
9205
8394
3472
3829
8237
422
684
6766
5257
1387
5387
6555
6917
1599
6212
44
7521
6925
7516
6521
4427
4645
9214
790
2211
4263
2003
3621
8513
4583
5546
466
3363
4214
7541
8954
6695
6449
2068
6918
3375
359
6020
6996
2614
6334
6238
6512
3077
4793
3582
7001
8262
2073
708
3521
8000
1229
795
2075
7508
9344
6059
4628
9346
4209
2647
1069
9442
9074
8562
8797
7019
274
9005
8489
8548
5615
100
7061
2534
3122
8983
5241
1767
6568
9244
4529
3542
9160
3292
1682
7266
7529
2214
5006
7308
6682
1775
2112
6862
5219
2580
291
9444
113
7846
4418
4433
1608
3751
7760
7983
2702
3124
6295
1115
3620
9211
478
7192
661
5921
9162
747
1421
1500
4843
6075
7883
665
5113
28
1777
5407
230
3897
8355
1156
7801
1176
6231
8207
7261
2486
4231
3108
9130
1217
2276
7506
88
1192
4712
4651
7944
3343
1432
7945
8663
5125
7996
9335
3721
978
3406
2904
6833
9275
5526
4816
8923
1930
1995
5936
1202
2660
8375
4067
421
949
888
9397
7672
1345
6577
78
7675
3891
4573
3017
1841
7913
6288
2001
1132
17
6730
3489
2436
9253
1869
4069
6519
6109
8554
6405
2710
936
7212
9141
4870
93
2982
8377
5029
4945
1359
4738
2228
6277
1272
6704
4690
5588
5478
331
7441
5538
6560
7646
8883
5360
1016
7953
7218
7858
6914
9065
8302
7707
2409
8577
1862
6960
7523
2628
51
8400
3385
1568
7390
6034
366
5609
3163
8572
4454
8100
9339
4676
8667
7730
1804
7613
3482
6767
3262
1525
8675
4341
3173
3957
8184
5488
4372
6190
1816
670
7064
7656
8415
8668
9282
8376
3459
1764
1224
6645
2010
228
4078
4467
7321
6447
4093
412
667
363
683
2747
2433
5585
5540
4488
1732
365
8096
3682
6004
4339
7155
5819
7907
1685
1179
1322
7591
5896
7454
490
9343
2552
5212
5350
6658
47
4562
997
2345
2238
6594
3486
7404
9138
8354
1381
2750
9086
3992
748
8512
7802
659
5313
7292
3170
6133
1901
2404
7604
8399
5932
1821
3197
9249
4285
6126
8807
7352
3912
8478
1600
8497
5729
8249
8718
7143
2057
2167
141
4696
8601
1153
4364
159
8323
5194
1672
887
7208
5532
1178
7393
3137
8199
1423
9024
1233
642
4489
7843
6480
6228
6988
8996
7302
6784
2577
2033
4542
1680
7566
3622
2333
4452
1711
1593
7491
5687
1709
9136
1374
2183
5254
8856
2530
6375
2838
16
7719
2471
2919
2775
4470
2284
5963
5780
9042
8
52
6754
3781
2432
5995
3788
3259
2803
9092
2488
8251
5190
4075
1730
7545
8584
1091
1649
3512
8076
3870
2902
3142
8344
8363
1210
6741
6242
1239
7598
3766
9014
7512
278
4852
8482
2927
6025
1829
6775
2319
3162
1454
3640
890
5468
558
3738
4806
1985
624
7977
666
9364
5261
1731
523
6906
2706
1193
5617
3358
7580
6950
1586
7498
532
1376
2561
3204
7286
2207
6338
7616
6907
5714
6931
3146
3305
4850
5747
3633
7331
1771
2422
725
5096
3603
5123
4405
8365
8224
3427
882
989
1718
2193
2609
5689
8456
7650
6628
500
606
6320
8234
2120
2616
5577
7881
7680
9233
1940
8827
2605
1602
6309
7548
6601
7250
8164
2267
3195
4016
2581
7114
3009
454
2132
9200
5521
8040
5289
1497
518
2973
4744
2668
4417
656
217
753
1264
1148
3294
2827
7870
4496
5981
9269
4952
5785
3754
4955
4532
3785
1765
6812
785
5057
7442
4475
9172
6115
8693
1478
6294
7008
5312
1990
4557
55
3441
2218
9354
6459
3033
5737
3416
3991
8092
7452
8030
5145
2549
5667
7536
6406
929
629
2815
3050
8398
2131
5527
7343
207
3565
3520
5118
2331
4354
2661
7279
5902
918
4805
8053
3175
8557
3066
8796
2452
5525
8077
3618
824
7375
2853
96
6789
3814
7678
3298
8222
3883
2311
178
2005
7542
4479
1219
123
8316
1884
2093
4035
450
3248
2384
6308
4426
5111
7665
2258
835
3355
9446
8333
4710
6129
8525
5849
6276
8710
3192
101
1087
9465
4694
8322
3490
2094
5775
5270
8015
1825
5890
7755
2743
8509
8530
4957
7240
5188
5501
327
2034
730
383
1807
596
1984
7540
465
2482
5696
8735
3653
2166
581
4643
8185
4057
4324
5026
6587
473
1808
6171
8556
9175
4899
6663
6486
2513
4809
8190
5808
8330
499
5062
1908
2052
9191
7938
3709
5686
6499
1526
175
3510
756
20
8484
8845
7031
2271
5598
7639
4455
7256
6678
2346
8463
1681
6161
1574
2696
4877
5499
572
1071
7815
7787
4737
7296
8585
1078
132
3614
4954
9388
9332
3702
63
6222
8860
7422
769
2692
255
318
5094
4480
4972
303
3594
503
3802
2851
2078
2644
3332
8882
2185
3757
1739
7573
2051
2469
4785
2458
4184
6822
8610
1207
609
8104
7700
6972
652
8552
6930
118
5675
7581
1880
8709
5851
9382
6042
7337
9452
4183
3793
1891
1791
5846
6975
2761
3477
3157
3240
6561
4940
2917
2877
9163
29
9121
5904
2585
8339
6207
5988
2752
3500
1415
4598
8083
3809
1105
2693
7937
2371
7439
2681
2017
9114
3272
4872
8291
1446
8524
1976
414
5002
3611
3710
1563
3209
4588
9308
1450
5412
7764
4867
8665
1695
3840
7120
5809
647
4249
5911
6503
6178
6063
6656
7725
3395
3776
1251
5217
7374
7676
1557
9069
4603
4260
1673
5715
2041
6356
5937
5901
2873
4812
9318
3467
4652
676
5665
1744
2652
4734
7504
3805
1129
988
6016
834
7347
1247
5992
5574
2878
6780
570
183
6416
1278
5678
6428
5744
7370
3095
8632
2321
5895
6813
7028
314
864
4164
7419
5670
2868
1141
6185
578
1567
8789
6304
709
8516
4406
6093
8202
82
1654
8616
388
7717
8529
8765
6365
5099
7657
2043
6850
9135
8043
3129
928
1774
2943
8402
5953
194
3576
3279
4218
5789
1606
7632
2328
3541
8051
2862
2145
1445
4459
8926
6204
6336
4334
3205
4559
4195
8733
5450
6920
3832
8705
9236
140
8367
8805
139
7210
6041
2480
6517
3109
3557
8939
9178
3782
257
3986
9418
444
4061
451
2198
8835
8620
534
701
829
7601
7090
4122
5743
2654
2726
4673
717
8018
5742
1397
9395
7493
5345
4243
3534
9321
8508
7759
1794
565
4685
2020
2737
3257
2056
6442
2412
7416
8299
8841
1805
6131
9164
9145
8750
5635
964
9064
1137
2611
3956
5649
8949
5007
483
8439
4605
2187
3806
6239
7804
8967
3188
853
8691
240
8310
462
4930
664
1416
8139
3613
3268
1592
6278
8510
2874
2215
5239
3499
5072
8786
5830
8715
338
5942
2259
280
2362
2554
584
8019
8953
3448
9333
6494
452
4913
6217
2638
7047
6776
4659
7093
8246
5868
1556
5862
5864
91
5039
8255
695
8032
6874
3978
1707
6590
8012
3022
3478
1331
1697
7473
7282
2555
4045
7519
4761
2915
6732
2556
1384
184
7838
6313
4294
5812
5990
3415
3001
2816
6725
2158
1340
7384
5650
7668
4783
1184
7577
5539
718
9320
8118
1914
8924
5199
3201
1847
6335
5291
353
1889
5777
3537
2318
1514
8942
6380
8350
6937
5050
7986
6256
1970
3491
9193
489
5930
3593
692
4896
5761
6134
8743
5095
2558
7654
3133
764
7948
1751
941
2047
294
387
3301
4555
491
7098
6941
1498
8917
3105
8334
1591
2100
199
5531
7958
4544
1999
2588
5379
3345
4474
2008
3848
1064
5653
6945
4989
9033
2505
5341
7691
2134
3752
8412
8725
4649
6871
5244
4943
4002
5168
8866
4736
7547
1518
4684
8401
8863
7267
5137
3115
9012
8066
8798
7726
5027
7231
549
1311
4330
5361
2735
3065
4848
7979
4760
6188
2674
8049
5710
1370
7301
6631
7888
6438
6084
9210
2569
8270
252
1756
1338
4255
357
355
9372
8901
74
4575
739
7612
4743
8469
3543
2992
1743
4006
3962
4220
1019
4466
594
4081
3980
433
7490
1569
663
5403
5821
8213
7157
3780
6643
9058
3845
3759
7899
2235
5209
7128
7436
6056
2672
7395
5495
1470
6584
6616
189
8698
6589
2819
798
1152
3951
8560
4014
8660
4266
2843
8753
4146
1902
9133
5652
2712
7045
8158
6661
6290
7349
2711
6786
3801
279
8568
7335
57
811
8817
7745
6097
272
161
2242
2610
2440
4880
6729
3666
5153
8932
5415
7281
4393
6280
5367
1924
593
1965
7886
1243
3497
4472
1181
6146
2431
1909
9021
4613
7080
3740
539
3233
5941
998
6366
8470
5883
2210
5989
6201
8106
1004
4993
1830
6824
9313
2059
6213
210
6859
4667
4228
5552
9207
4493
7372
7026
6033
8499
4362
5688
5519
4922
5721
5524
8005
7070
8633
3792
2768
1057
5249
4248
1157
7221
7785
5788
1209
784
5183
8739
1788
1553
1726
4389
9105
6753
3340
9154
7754
239
3278
1795
147
36
8295
3574
2437
2332
1005
3213
6043
2847
6554
686
7204
8320
5985
5973
4548
3419
6857
1881
2111
4199
9011
5586
8153
1716
4817
1663
7359
3270
9376
3365
1851
4515
8347
8197
3779
3909
755
1083
821
7255
2272
4853
4487
3935
5457
712
4758
3287
8050
1300
4898
7289
2694
2595
9305
7005
4596
4534
4295
4586
9342
719
6864
4543
1441
87
6198
7712
2024
4144
4371
6719
7391
3426
3649
4239
1413
7228
1875
7892
1723
1890
694
6636
7794
6543
8220
1000
8987
7837
5620
3098
395
7140
3588
706
1974
5802
4810
8031
4484
3597
938
3319
8587
3076
4204
9456
3568
8271
3508
8669
6245
2101
3824
2087
117
8636
3592
1717
993
95
8410
7919
458
4602
9184
1938
2574
7273
5154
3223
1542
5870
8168
3326
2196
9010
6648
1986
6271
3975
8803
2491
2642
2002
1316
3539
9370
7555
3628
7091
8872
1868
6224
1501
1066
6253
2639
6694
880
6030
779
6026
3127
6467
1018
4547
1927
4518
6752
3216
2316
7371
3586
9126
6923
6424
3567
5024
4412
2548
4767
1595
9334
58
5376
7887
1437
2810
2624
1904
6604
850
3644
393
4345
1287
3028
6641
6183
4608
2485
8041
8105
1620
6263
5672
1543
3985
1401
6659
2036
8142
5100
120
3392
6981
7878
4457
5926
6259
6535
2824
1490
1154
1852
2233
6274
2076
2889
1493
2464
1480
7310
3106
6275
4229
5428
1686
3315
5796
2298
7052
7425
2460
6733
1861
8129
3516
7330
1957
4502
8514
9271
2968
733
245
241
133
5489
1729
1138
7906
5858
6597
5365
9459
5152
3852
1484
9407
3183
3859
2537
4875
7160
7685
3750
1917
3414
4902
9257
1612
2890
3578
5767
215
9285
8132
8186
6610
3265
8534
3215
492
2721
7259
4978
1806
7964
508
8966
3884
9290
9423
6079
35
4300
735
8466
8388
8989
4147
841
4765
1089
4619
8934
2453
3506
3324
8902
2044
4701
1519
2177
1319
679
8145
8891
4176
745
8506
863
379
849
5754
4796
1922
2940
4947
1139
4237
1366
14
15
2540
7765
5854
9369
8131
4813
8897
7154
3185
1168
3739
4282
3166
5336
2769
1033
5565
3813
2800
1076
931
6420
915
8978
5733
4597
6257
1584
9151
8788
5769
1992
384
777
8605
2929
7946
2870
4798
5204
1719
6287
6932
203
4599
8243
7067
873
8331
2858
3864
2908
2262
8047
3463
4062
3536
5259
7984
8283
3094
4276
5141
2142
8025
8935
8756
3396
9073
5410
9084
1274
2720
6266
3504
6583
5905
3275
1177
7381
9018
3284
6819
2952
3830
1439
8920
3725
9229
4250
9087
3280
3902
831
6225
9296
6580
6462
3923
9102
8502
1873
76
4948
5523
4609
409
3359
9180
6119
1112
4974
7065
3397
3921
5564
4265
1048
8640
6247
3694
6037
5685
2253
3143
2560
1250
5856
3519
2521
7592
8503
5690
9340
4121
6596
7069
4631
7496
8769
9100
1506
1580
8427
5628
6666
8290
8232
9094
8628
4012
9179
8315
5739
9195
7582
7752
5098
4329
8366
7109
1054
1052
724
7364
434
577
4982
8905
5470
7692
7840
6368
6683
2524
3672
1068
1843
807
7989
8907
3591
4657
4962
8187
3595
9362
4959
1755
6085
3144
965
9149
7150
5279
6606
3922
2643
3439
188
3910
288
4864
6870
6110
3646
3681
5139
8523
3179
1482
8855
3404
8182
5514
8097
7361
5097
4686
1327
5860
8312
456
6510
8103
6202
2012
8424
4508
1429
8297
9448
7978
9215
3412
5810
7125
3023
4080
3700
4223
5702
1159
6100
1588
1849
4789
335
4786
1737
6141
6090
6715
746
1240
8441
4227
7708
2
1863
8579
5263
5446
8555
5773
7338
394
3073
471
7749
5898
8648
7470
4192
7328
5557
4775
9396
1047
1675
6195
3590
8711
2885
3118
3364
3817
1056
1119
8017
3671
293
808
696
9357
7269
6390
3503
5473
5332
2361
4149
6240
7629
4702
7101
2016
8147
378
8408
9430
1867
4085
3744
1982
1896
7731
1763
7087
480
2799
3164
6279
310
3154
1211
9047
8943
5637
2363
4251
2472
6422
5430
4893
7306
6388
6982
9414
2449
4272
5171
5421
3286
270
542
7514
7030
2280
1307
3048
3874
625
2949
1943
8501
5659
7643
4591
7182
1043
843
6032
3558
4476
2445
4601
1521
2623
4960
8919
8968
8912
1850
6044
3266
4268
4020
4658
8034
3771
8716
1104
8434
6687
3348
8028
2860
8107
8471
7094
1126
8245
8003
8895
9063
8414
2905
6432
4022
4521
3241
6742
4788
3069
939
2684
3602
2049
337
6551
1026
8985
6964
6221
8134
3629
6285
2182
2646
5474
5485
3823
836
5343
9152
1198
1638
7935
7017
260
1405
173
2948
6497
1308
2004
8239
758
2072
5627
1463
1877
6676
1583
1833
2255
7430
1721
1575
302
3880
37
7527
1949
8491
2334
6978
7262
4735
115
5228
9103
583
2149
5621
3096
7967
5280
150
5629
6
1787
3903
1533
6069
2966
7268
3159
7458
7215
2291
8686
1640
8566
1752
2428
3699
5760
7293
3808
4751
6421
7690
2886
8602
5602
7525
4378
8900
2679
7035
4235
3885
4056
2083
8747
3901
2596
986
2442
6298
8576
4568
1488
5101
3819
3959
9417
8723
4367
5277
3445
7620
7609
2787
7874
3349
4753
8822
6768
400
4424
8084
8681
4099
7520
8102
8594
6965
6922
5965
1605
6586
7016
7041
8800
8727
8288
467
1692
2557
5829
1408
7827
1929
3222
453
5968
9383
2640
9422
8011
6487
8598
6826
6637
7981
3711
4666
2243
603
8125
741
513
6095
8140
7834
5114
1203
5914
7325
7633
9228
8764
7816
9392
124
5423
3350
5402
2823
6114
6098
7254
7362
8369
9037
7849
9241
7471
1601
3581
8839
5882
4174
3239
3748
1855
1888
9113
6634
5140
7743
2857
7252
4837
5639
1081
1615
4127
2350
1703
1234
3701
9353
9030
6946
2448
6816
5079
441
1364
60
9040
9224
3088
3198
4755
204
5820
1002
2495
1111
2038
5018
301
1658
847
4874
4240
5075
9115
8575
5727
1205
1981
5492
1507
7300
3121
4917
2774
3698
8651
4352
7492
2366
7925
1746
1375
1630
7270
5184
610
5763
5606
5127
5928
9263
2835
7832
657
1260
1411
9017
1237
8828
3015
9101
84
3708
7502
7705
8599
4166
5317
6205
5927
8238
7014
5205
768
410
6673
6227
5752
7369
3685
5651
7009
6675
6919
3470
6047
6526
2248
6064
163
2222
2013
7916
845
5328
1036
8553
8717
4611
5202
5569
4985
3533
1215
7003
8609
4443
2544
590
9356
4668
7880
6173
8999
2676
1125
3550
2801
4399
1598
8604
151
4264
200
8657
4315
5938
8467
8862
4861
6468
1288
754
8565
707
8613
5891
2837
8593
2757
4296
3246
2304
1438
1604
8998
4408
9046
5797
2231
8840
3873
5022
5982
1594
8149
4373
7294
5847
6539
3853
8098
2364
5320
427
5537
7332
612
6852
8048
2976
4464
7779
374
6953
5370
4714
4932
108
3890
7400
1267
8411
6530
6549
5818
1475
1276
5625
6746
7634
6891
1802
9165
9461
2217
2893
5645
1895
4944
2736
7831
5088
8567
648
4189
2963
1241
8701
7227
5605
4912
2416
8758
2054
6078
945
5707
7928
1266
5429
967
3367
3079
5508
8752
3821
9270
2859
6701
2856
1292
377
8292
7848
1839
628
1539
2246
3218
7418
1349
5731
3803
3660
5838
3150
6403
7590
4795
6877
3264
9059
5131
4167
9216
4402
1299
1886
9156
9304
3199
2434
4819
2450
1548
2301
1242
9424
2209
3366
4317
6052
6389
4674
7626
7015
2795
6347
8175
6164
1304
8762
9373
6731
8137
8684
326
2160
5955
4421
3083
4241
875
8429
3719
619
6104
6348
1644
4145
4169
1108
4644
295
553
6349
623
5031
2766
6092
1650
8117
2200
3151
7216
3943
2789
9123
2665
8947
6810
5243
7119
1547
8655
423
3827
3226
8696
9279
8393
6396
1617
5471
5954
3559
7448
5500
8359
4252
5791
5248
2273
2969
6665
4346
5933
1491
1350
6916
5573
5568
4670
485
8260
8561
7587
6455
2473
1812
8931
6465
6685
2651
1846
2538
3988
7336
46
567
3444
7495
9078
3703
1365
4238
3139
5575
6756
8115
7696
6934
1342
2955
3437
8450
1762
4779
983
7108
1396
386
7897
3820
3968
2719
7319
8608
7033
83
6908
2579
2441
208
474
8964
2154
1060
7360
5948
12
334
4040
8219
2830
7865
3128
9183
3058
4381
3498
6122
6254
213
6439
9177
4375
1044
3039
7762
8274
1958
7291
5542
8641
3797
8437
4664
6944
2866
687
8861
6545
5656
5906
7644
6319
9
7734
8200
3783
1693
2236
4618
7867
9425
8173
7830
2226
6974
5756
9006
3743
4994
9391
9097
3225
1424
5441
5464
8892
8284
2153
2493
5208
8409
1253
2791
6407
2741
7173
3100
3010
3529
2204
7990
5116
4278
5344
5673
5438
866
7180
8578
4584
2137
5913
3288
7050
8013
6062
9411
223
3664
5817
7203
6552
6492
3148
1464
7482
5422
6621
9028
1282
6057
1894
2586
6878
3947
1389
9295
1090
8965
4037
5110
5828
4859
3381
2852
6998
3085
571
206
792
8559
1256
4253
5669
2454
9398
2965
6717
4448
5781
4523
4289
2829
4175
5909
8680
4415
2140
8144
7688
1708
9239
2834
2601
1973
3517
2456
6740
4275
8589
9352
8810
4083
6806
2194
9432
682
909
4780
6437
2896
3484
2937
5663
809
1530
2954
7353
1667
4379
6140
1244
7914
1531
2717
73
7053
8854
7485
5456
2523
2951
4065
8708
5058
3881
2046
4938
8372
5295
5231
5309
8597
8069
7649
3435
6039
1386
5065
6875
3402
3729
8379
4600
2105
481
3858
8009
7121
2065
4257
5944
5718
5836
5956
233
2306
3016
7428
1524
8328
8748
509
5850
2022
8481
8787
7354
6525
2455
643
8653
5363
713
1474
8690
2677
3886
7800
2342
3027
3796
7174
8120
5316
2308
5451
6929
3168
4707
1051
8198
2748
3938
7669
4579
4060
1991
7164
651
7828
5790
157
5611
1072
2060
9361
4855
8074
5746
8419
2511
8969
3230
3583
5414
825
8884
1857
3659
1098
8380
6897
1003
6192
220
1041
4621
2680
9394
8867
4561
982
794
7630
6588
8975
5929
6609
2417
1700
9079
2671
6770
6970
3684
3528
2000
1037
2424
8795
9146
5434
9221
1882
870
3889
914
4215
1749
3483
8459
2341
9445
2928
244
1710
1652
380
3530
1727
8915
5892
1372
2602
2649
2138
6901
5160
7929
6576
4682
6647
6600
7819
6707
6627
5203
7576
6758
6305
1916
5142
762
205
3615
5762
5282
3047
5730
5871
1333
3915
8370
4297
4740
7323
3438
8837
4072
8699
7236
3453
6935
2483
367
5771
3480
6805
234
7043
6241
5813
9386
6464
8209
7600
5794
7900
5207
5386
3031
4051
1014
585
1502
1032
6699
6363
8737
6691
1576
464
7012
3479
6921
6009
6550
900
8757
2571
148
3206
1248
9013
1301
5214
4444
1571
3258
6411
7617
277
925
1367
4661
862
611
1075
4637
2599
3673
5915
2778
4770
6429
1513
6839
6191
1070
6903
6485
4961
3839
2975
4194
4033
6504
2794
1822
3795
3026
236
2568
1823
4909
5556
4675
7127
8809
6787
6398
6507
7606
6528
6006
3322
1353
212
6265
8221
6860
506
4620
6809
3417
7611
2146
1467
4951
6657
6505
7636
5237
5032
2854
8615
8306
372
8833
658
4802
6883
7467
7313
7276
7283
8563
3657
8416
6927
6904
2758
5700
4477
5353
976
6013
1161
573
1426
196
4154
3152
4574
4626
5566
1213
6001
9132
1577
8056
2216
4953
158
7763
5563
7526
6889
3071
4193
6712
7110
4483
3410
9081
1165
562
655
3320
7226
6605
1452
1613
944
267
4347
757
8664
9428
8913
3120
1027
6506
6088
878
7297
7135
5734
2337
782
317
70
1587
3942
8130
3485
9439
2310
3854
2251
6834
3816
5220
3736
3715
6018
5253
3896
4678
3502
8630
5334
69
8621
5210
1754
1983
592
6690
4007
4360
1955
2415
3994
5814
818
4570
4642
6292
2545
8865
9171
801
7334
3769
1329
8873
8746
8644
2039
5571
8852
930
1534
8981
1285
6394
740
972
5150
396
8352
6668
2926
2097
1006
2119
8095
2019
7776
6012
2615
4924
5393
5547
1684
3374
9440
8244
9026
114
5117
50
3431
4987
2897
6959
4271
5240
2550
2463
1155
3057
1712
6993
6902
7877
2397
5149
2841
4305
5971
7910
7638
9098
2598
9252
323
677
5272
2502
2869
5177
6029
9192
2170
8550
9174
3184
8816
2933
8930
2374
227
1303
2213
7567
5643
1815
3371
482
7366
1065
2430
7426
5425
5091
8806
6317
6700
2303
4804
2423
7435
6121
4558
9419
9075
2945
8111
2176
7224
6618
1799
130
5799
4808
3728
7658
3911
8692
4162
5694
469
4355
4120
6825
6498
3599
297
7681
1651
9247
2650
1476
8468
3668
238
4892
8086
1919
7453
7082
8813
5047
5005
6607
2429
6913
9380
6721
3428
8026
7024
1910
6281
2950
364
4242
7054
7063
7025
6599
4116
7123
8511
2092
7912
1544
8287
4689
8204
3655
1582
5486
4677
3689
1189
7156
5708
275
8670
155
494
4134
6302
6714
3525
345
5041
8373
2753
751
3200
1779
650
3900
1399
3971
7588
8119
8770
3297
1953
415
4161
876
819
6237
6329
3761
8945
9169
1212
7153
955
3281
1668
8842
2664
4453
926
1835
4039
7603
8403
3097
9317
6306
7085
1444
9426
8093
3338
6654
5164
636
7152
6362
4185
6401
2348
761
2162
6759
3967
1477
8332
1312
8433
7934
9225
3501
5382
7383
560
3003
2199
7036
8629
1722
6472
7184
6808
716
6326
4013
1015
1079
1447
1647
7166
635
2809
7102
7715
344
8170
5400
6361
1540
7987
3376
9190
5843
3256
2315
6269
7193
7775
6055
3469
2732
5200
5226
2323
8286
5448
6168
7046
2934
8361
5869
5822
6651
5934
7693
2260
7223
7561
98
6841
2419
4590
6524
3232
2240
4763
4722
3619
1280
3464
1332
4008
1363
8054
3549
1100
4535
5680
8045
1
4660
3316
7486
6814
9223
7651
7970
6830
3289
9457
3149
6233
8676
6827
7427
3461
8279
5782
5081
1906
4156
4071
56
638
7791
538
6050
1162
144
7550
2042
2188
6103
3446
4445
2938
2907
3745
4124
4950
2247
894
857
3
3667
3013
9187
9449
2573
6693
2713
3291
4000
8055
2096
4137
4970
5885
901
921
5300
4135
7327
2150
1117
6162
4431
3116
1840
7368
7959
9129
242
4270
3847
6788
2067
7823
6489
649
4906
6898
5063
6409
7407
7479
6483
5284
5766
7891
2352
3062
7151
8227
9144
872
3303
6315
381
8600
3552
3333
905
8582
2891
3837
6296
6286
2147
9306
2925
7233
2499
7162
5897
8404
25
4517
3562
7339
1120
45
7853
5042
5572
4937
6381
5503
8257
8759
4384
2733
7190
557
5053
4764
1628
1963
699
1418
3064
9265
1486
8080
2730
4756
5251
4607
6817
3068
3760
4536
7890
4387
1187
4425
7071
4410
5888
5716
8193
2063
2517
2109
5130
3360
7450
5445
8783
4641
2600
9099
2130
4337
9381
5959
4656
2637
5201
3513
1259
3810
8188
9189
3679
6971
637
2027
6966
3632
4217
6884
2031
3408
1987
7795
8133
6761
5315
6639
8205
497
4380
9238
6611
8163
3112
5310
9437
7298
122
6511
5397
3111
2152
2406
3531
8971
2351
6293
2172
6066
8580
1948
180
1096
8449
7447
3763
7806
760
5543
4700
4969
2369
2842
3000
9219
6957
4732
7139
9186
8956
4407
6558
339
315
744
6711
6149
8405
2338
4026
2788
5786
4585
8358
6849
1874
440
3946
4063
960
620
1939
263
7444
4172
1116
8958
6373
1892
11
1042
1509
3652
2278
5390
5957
5260
9049
810
5618
9384
8782
7530
2388
4882
5296
8020
5115
7198
5326
3228
6662
4546
216
2114
2165
283
4478
8507
4130
2320
3658
8992
9071
3052
3263
2037
4503
8532
8689
5624
6148
191
778
7088
2496
1677
4336
5916
1780
7551
8719
2225
9220
2143
1572
3950
5132
7445
9315
5342
3869
306
7584
2335
2353
1460
9213
1766
6655
201
6749
7177
6734
2796
2086
7477
4594
9405
5411
4614
673
7721
5878
3186
7118
1084
5535
9292
8671
2164
7549
6765
7134
4188
296
3153
3791
5558
493
8345
8564
4490
6340
4327
1837
2783
7464
4216
6137
2201
7703
1720
5824
2426
2497
528
1382
672
5644
5541
3584
5437
2621
4854
8922
2368
5229
4520
826
5166
2876
4205
6232
541
8088
1094
5381
8226
9435
4914
3875
7146
6118
1183
6180
9240
950
8542
6408
3941
1853
8123
3857
5102
2543
249
193
164
9025
5432
3587
4048
7859
7694
7235
5051
1578
1560
806
6478
1773
8356
3443
1151
7500
6802
8206
3318
6444
420
7861
6218
7932
5513
6582
8460
4754
1443
933
5394
4869
9023
6737
6933
6316
2123
6446
1997
2754
105
5035
5480
7214
6843
7595
7106
5717
3475
8128
1025
9413
8838
8645
3060
6038
954
4397
5467
2725
1607
6186
2662
589
2617
1848
3953
823
8618
6414
6045
325
2576
4059
7882
2770
6879
4863
1373
8611
1246
919
6629
2593
9415
9185
7397
1800
4374
5157
128
7241
5351
8961
575
582
8341
7183
5105
8150
540
3732
4719
2401
8448
5380
4401
9401
7195
4087
6433
9298
6174
9379
8531
9245
1402
7546
7488
408
6495
4316
3210
1926
4823
813
6061
5265
8024
7893
698
1171
5899
6501
9166
8997
527
6182
4101
3765
6681
8957
3825
9458
815
8390
8520
6379
7605
4840
4485
4868
5660
3167
5283
5803
8844
2402
5515
5610
2451
7144
1118
3524
2993
6426
952
617
3972
3394
5918
4190
9341
4908
5426
2840
2724
9393
2391
5964
7138
2466
4646
8298
8703
8242
4581
7841
5297
3388
455
4624
8950
8707
7515
6482
134
43
4133
4482
209
7951
2911
9153
704
8834
5867
2385
9085
8428
6393
6341
8307
369
8982
4438
127
7833
7920
2744
3979
3966
6453
879
1343
5021
525
62
4392
7092
94
8007
2317
6219
7042
961
8082
5443
640
6284
328
5806
559
1664
4423
3961
1010
1255
9150
7406
3474
8622
7189
6595
3642
5804
7311
7387
5377
5461
6255
8089
1724
2901
3933
767
4165
1059
3661
6744
3982
4996
5371
4727
8826
2667
32
966
8371
3409
6101
7253
6608
2264
7857
8744
5491
5562
3377
1897
4752
4920
4655
4887
9199
9377
8876
6208
9111
9117
8300
4725
7539
8216
1479
3351
8421
4100
535
2900
7265
6248
3888
6868
504
7803
2944
4720
8887
8849
1361
1356
6197
7559
6835
8068
9096
3741
4901
3919
4918
2302
3308
533
6383
8027
4587
4358
4836
8446
9463
3989
1838
7993
7100
868
5593
5012
9080
4550
4356
7822
5776
7433
2742
2383
2771
4745
3836
5358
8569
7199
8962
2669
8687
1481
4052
6893
7645
1662
2113
4829
6793
9076
431
389
2970
7147
6727
6120
8453
4414
34
634
102
2879
9412
569
7733
4553
1190
5333
4984
2977
8955
2698
3140
8877
4473
6048
7770
7072
788
5447
6764
3674
7747
4820
5506
9406
4497
7697
129
1286
2967
7145
2365
7648
5855
1262
4302
5165
8305
2751
6845
2797
8065
5181
4844
9204
1761
5222
5657
4281
3135
5269
8730
5510
5311
916
6938
8650
6542
104
3373
8916
8778
153
3380
1448
4416
1944
2082
3181
3647
4050
8736
1277
2290
22
8324
2612
6773
9128
8772
6630
2343
8447
2032
7219
2715
1946
4556
5719
8775
5324
3189
7518
8281
3487
5304
6471
968
8156
2983
7246
7389
8101
8973
3456
1188
2793
1145
1972
697
7324
5087
5681
1967
447
1989
4492
4042
2790
6799
2478
1216
728
2773
7553
3867
7538
6726
4254
5271
8317
7013
644
2382
3061
5401
2212
6807
3828
8406
3887
5213
799
5218
2899
5424
6541
266
2763
3675
4434
6968
858
6452
5064
8677
5509
3898
8337
4997
2542
7623
8937
956
5011
428
2297
4335
7075
5174
8223
2299
9358
6136
2372
5683
2924
3021
9182
5764
80
4811
2476
7358
8033
4139
4357
4111
722
1918
1379
6354
7290
1305
4151
38
8474
1871
4118
6856
4420
4053
1440
4992
4567
2756
7653
4032
4267
7423
4934
7304
7786
7895
7863
8374
4273
6369
3697
4571
5003
8233
5252
969
4787
6307
851
1769
4125
3544
8830
8754
973
2839
1175
9431
1611
4769
996
5662
9248
48
1786
4041
6490
5975
3390
1131
6772
4291
4622
5452
6782
9261
9147
749
6350
2865
957
5634
8722
5167
1528
6983
6569
1735
4662
5697
8540
5561
923
2256
1341
9201
5235
463
2656
9322
6515
7625
5576
1842
5369
1537
595
7340
8423
6532
1122
5633
8443
4592
5807
3411
5584
5946
8495
7247
7446
8740
3680
8879
7941
59
2208
3242
6404
4436
8389
3155
7570
4703
97
5052
13
614
4066
7424
8037
1160
5713
6942
7386
2446
1510
6565
839
4113
340
710
8268
6102
1351
3927
990
5195
3778
4849
1252
1269
7401
4494
2447
7544
3327
5749
838
4708
7237
2703
7469
903
9116
3650
2895
2808
1293
8152
3676
2181
8760
6800
3436
6851
1603
5484
9067
4321
737
4999
4973
6357
9142
285
8008
5711
7394
8639
7679
7618
7456
3311
524
27
3299
7329
2174
3735
6345
7475
8176
4911
7272
3074
2822
6392
908
5159
4023
7557
3158
6956
1021
3253
1954
3399
498
9051
6436
6151
7921
7903
3981
2314
4941
5185
3030
64
958
2848
4709
3626
5853
7999
6557
2802
6402
7599
6873
5723
2155
4279
4552
5732
9284
3518
2357
1715
90
9231
7365
4832
5366
5293
6451
4311
2190
6872
1648
7923
3309
1422
392
5179
7449
7205
2570
4729
800
3347
4465
5726
5581
2376
486
6344
7664
9068
5903
7528
5784
1516
6598
6387
8231
2435
1360
3916
796
2026
7396
6602
2673
621
403
6866
1206
2630
4801
3224
7737
3103
8001
333
7607
7194
391
6578
9337
7097
1040
7835
5268
6031
6958
8771
8682
3372
3601
4728
7586
7455
9203
2410
4986
2731
1180
7771
3964
8381
5691
429
8963
981
3849
1701
3693
6322
1626
2470
8683
411
2465
4046
5337
2136
2386
7163
3616
630
7509
6154
9438
8853
2958
4159
2563
8908
5961
4784
7784
2467
3833
2344
3086
3861
2221
4368
7766
4348
2340
2734
24
8888
8976
4949
258
7686
2425
5664
3389
3450
5258
1665
1200
7818
9404
4128
4108
2030
4117
5863
1541
6391
309
5695
5069
1690
5984
7249
1144
8241
8180
6574
5469
5768
5553
4935
731
4322
6491
3002
2241
243
5793
1614
4772
7915
2718
4262
4110
2189
8729
5070
2760
9134
1347
5278
804
1433
5842
126
3794
9447
382
5622
2492
5677
7413
622
417
1134
6575
6299
1328
8539
460
5466
8432
8741
1001
9008
1034
1931
6427
5487
715
8277
1186
1263
8659
224
4759
4733
1559
8293
4926
5706
1390
292
7684
3670
3913
5093
77
119
6376
6353
1759
9360
723
4927
4936
7997
895
6722
6967
5245
3176
1813
2252
1166
1633
1832
2275
1782
7699
3123
2103
4370
5952
9218
7130
8465
4126
9402
8273
5831
8348
1473
1130
7558
1636
6745
2657
1449
6689
3930
176
1934
2477
8313
401
6418
3203
1456
4004
237
2990
4092
7879
9082
2960
7499
8422
8662
5143
4569
3018
763
8143
9043
771
786
6718
7222
4086
9287
7560
1969
3872
2762
7432
2108
1430
5472
5435
5396
8235
736
4202
9124
2023
2313
946
8351
4036
521
4846
4428
8777
3101
5182
2705
1936
6774
1008
4054
4142
146
5246
6385
7170
1368
7543
6736
691
3860
4158
6778
5958
8081
9378
8732
7350
9255
6196
7952
6638
4524
775
1103
1167
7961
7105
6769
4017
1346
2250
5329
8272
3304
8695
5290
9112
4538
3509
602
3145
5757
2686
8904
3422
3706
4505
1030
298
7615
5579
7021
3580
9106
2785
7234
218
8903
932
5049
3918
599
4900
437
2947
6223
8742
7494
689
4003
832
5811
1552
276
2606
3569
750
6688
1013
6331
7739
290
9286
7169
7081
4153
4851
7414
2936
2833
4824
1404
1143
6861
3842
3772
4143
4977
4353
5106
8878
3070
5375
6579
4539
8179
8248
8984
9088
7727
5587
2921
3090
6463
6823
7285
40
2914
7682
7842
4822
8454
4593
4034
3102
568
1457
1053
5009
6458
833
7522
5314
7710
5551
4429
6969
3955
6581
1009
248
6680
4213
5701
2489
221
6508
4560
4198
2655
2804
1294
3156
4365
4507
2946
7572
1977
2079
5073
7056
6625
8194
9007
5000
1420
7117
1728
5591
116
9237
3863
2939
5001
1619
6847
8624
1827
7245
2286
2390
5298
1017
2707
1801
1031
9329
6955
7852
5668
7489
674
1566
893
8498
7000
1106
7020
2589
7465
7793
7084
8181
7774
7905
6003
2739
1377
8059
4191
7018
883
4313
3312
9139
2237
4883
2632
4895
8353
8921
4028
937
4486
8944
1007
4946
3851
4688
5356
7057
5479
7855
6797
4757
2798
4326
4179
5647
8951
4109
8820
5608
135
5682
2418
8666
6815
8335
8583
8847
4983
618
2025
4627
3273
2077
9281
3688
3212
4082
5548
5770
8858
5080
2529
7667
231
812
5873
5699
6855
5413
6783
8794
7748
899
6415
7533
7379
2028
6289
4873
1907
8634
4704
8264
8155
6640
9365
6176
8174
867
8483
7074
5857
6795
2629
6027
3983
6986
2126
2141
3690
6024
645
4461
5861
2883
6912
3125
1900
9441
5086
8383
1798
3523
514
6049
7741
2148
2619
9060
4306
5631
8496
4884
4422
1218
7876
7864
5404
8785
7991
4206
329
7839
9243
4698
6881
8617
765
9119
2249
8192
6475
7850
1504
7405
7537
9331
2722
3755
4839
4958
8346
3654
4303
7659
8864
342
470
368
8486
820
5163
6008
8909
5482
1257
3451
109
145
7955
7497
7345
8654
1950
8979
3984
6696
6220
8127
477
601
5950
8825
3998
3798
6529
1062
439
304
6899
3462
149
935
6448
5
7503
3514
6791
6650
1281
8702
8713
9158
9363
1661
3876
5211
8438
3354
7211
3234
2745
8327
3893
4790
5133
7924
4589
7829
424
8378
8726
3160
8418
1061
2184
4221
8802
2394
7398
9272
6973
1271
8321
2567
6811
2547
284
3605
6372
1887
7976
443
7753
4578
8801
4351
8191
5827
885
4287
1610
6837
3019
7562
1337
780
5512
1318
8386
3648
418
9077
6226
3041
6252
5751
6995
4530
7437
1671
2920
1928
2398
8948
6686
4576
3532
3637
2090
4409
154
8995
4413
26
8731
4104
5533
4665
6158
4458
8551
3993
8623
3997
9022
891
6135
5748
6005
4173
5583
8046
6139
7429
4640
125
8925
4074
8889
1472
3705
4582
4721
41
7661
2821
7716
4031
5592
438
7461
6087
459
6548
8189
3261
5307
598
6147
4395
791
1290
6423
7966
6989
1689
6632
8349
6327
8946
8135
3787
405
5835
3815
3949
375
6876
7807
7751
1678
7511
2048
1398
2438
6509
3656
3638
186
268
7556
3572
6077
2195
6748
4807
4968
6301
7040
432
4650
5947
222
7971
6962
3758
742
6260
7116
1173
2355
8146
4513
5590
5354
4025
3008
6963
9093
8918
5845
250
30
1915
4247
7244
5121
729
8846
802
3811
3906
9390
9297
2820
3081
8812
1570
8818
9420
3607
3862
7462
1750
1208
8038
8894
3742
4976
2202
1670
3604
1642
1745
4403
4015
8296
975
8110
6419
4967
714
2500
3547
6633
289
8804
5976
7225
3663
6015
2088
7167
3382
4881
1527
852
9316
5679
5600
6854
2294
3089
1627
2490
5580
3606
6021
3917
6314
3386
576
4635
2861
8940
8519
5250
5092
1535
7904
7346
1893
6887
6323
1279
3269
269
1323
273
8217
646
6828
3641
7073
1235
5996
6080
7954
1778
3219
436
6660
6474
522
2887
8325
1555
6399
2814
4404
7868
3053
662
3846
6283
8679
6112
5124
4629
4638
7213
8391
3290
3800
265
4233
2205
8108
2912
177
6803
6502
5920
2631
6246
9125
4499
9267
2457
9003
1385
2850
2592
7706
2159
7095
5455
1748
2594
1738
5016
3012
6028
1121
8301
536
6153
5010
8062
4830
1947
5919
7039
4280
8714
6425
7732
1911
3894
3208
8829
9089
8661
1937
8336
1393
827
8071
6836
3624
5834
3313
6060
6702
4010
8435
1133
711
3038
1646
6890
9366
2546
4450
5178
3538
7936
2254
1623
5880
3723
1270
3952
5908
7947
616
2565
8166
2892
7552
1834
5772
2991
5879
2403
6798
1978
8021
1124
3936
7554
3563
6179
7641
564
8780
8643
1550
5170
6496
3904
2522
256
7994
5162
2625
5490
3812
8720
6846
3306
4292
556
7744
4545
4468
6017
1589
1050
2620
907
5294
4876
370
1230
4741
6626
5054
2931
1625
3328
7574
6035
6493
4286
1789
5507
1355
72
8526
1097
6337
6132
4746
8338
2151
232
1348
8928
3244
2329
3665
39
9226
5655
7096
7869
6951
9208
5462
4186
6175
7757
4845
1012
859
362
3040
2867
8256
4230
6735
8545
7724
4526
4298
1158
6187
226
8247
4212
3807
1378
2265
5015
6397
8357
4904
6559
3092
5589
3818
2767
8784
7188
8116
6330
3323
4076
3822
6649
5318
6961
9131
7845
9427
7004
7772
4029
984
5330
4565
3454
5601
2578
6591
7902
3579
3187
3768
8980
1074
4890
4163
4799
341
2575
1659
7894
4
7917
5043
2641
3540
307
7631
6882
6160
2006
5060
313
561
2627
3868
8208
4344
2659
7860
4907
6563
5221
5497
3617
4964
5900
6167
8275
4495
351
8700
3877
5475
3914
1629
515
9055
6234
7963
892
1045
8218
5874
3430
507
7960
721
5074
7666
399
162
6291
6544
6514
6842
8738
6724
681
1925
2626
6367
9056
6760
5037
2021
7107
886
343
4171
1772
9389
985
6272
2792
308
2590
8462
358
1028
4833
6790
5724
5287
6723
103
4442
3625
8121
759
3722
9198
4350
5416
2444
627
2349
6664
1819
4563
1357
8537
842
2777
7457
3024
4342
2156
6838
79
9001
848
5550
8036
2989
3182
336
2749
8487
5119
3948
5161
9451
7142
4203
861
2903
2106
9196
2786
9258
9273
1320
3720
8843
3051
1945
8014
9311
743
2135
2061
5712
2562
5758
3954
2987
2168
6386
1409
9143
1860
7032
6477
3556
3747
8436
4106
7872
4440
2539
1879
5912
4782
2910
1923
2224
4290
136
9464
2559
8500
8823
3075
6863
7303
5206
5778
1676
8122
7985
1870
9031
3344
225
1406
7288
5801
5234
4439
2393
7930
1022
4129
9159
9455
7207
5440
7942
5408
5044
4692
6858
4636
1956
3546
143
5308
3577
9250
4617
1899
5967
6443
8075
787
4923
7463
2011
182
5418
5147
3856
6911
4011
7248
4246
4847
7181
1781
1691
8697
2117
4939
3282
959
4284
3082
7564
727
6537
9400
2089
7078
6653
9053
7988
3958
9421
6435
2484
6460
7950
169
2971
42
2007
312
2287
6155
6250
1522
1414
8656
2582
4419
547
7847
9399
8228
530
9222
4791
9375
3999
7280
246
6303
4711
720
4818
5493
1635
4307
179
9283
8521
5126
8819
2728
5825
1082
2127
171
2124
6359
5331
1573
1532
7943
8085
5061
4155
6371
5477
5034
4925
3627
181
5463
3727
6880
5792
7671
6457
1546
5302
4102
516
3471
1101
3940
7738
6818
7972
2375
8022
2881
3418
7132
962
906
685
2269
999
7029
5483
2227
6708
468
6470
1866
5084
6258
6728
7768
3575
7314
4671
4716
1298
7728
2066
2413
5233
660
3855
8240
6086
2053
4693
6058
2169
4055
1011
174
9277
4168
5823
8159
1174
5750
2487
6652
5866
1641
1362
2400
8652
