3500
2235
3229
902
238
2310
2957
543
1787
880
194
956
1124
389
3021
341
2692
2599
446
559
78
124
720
2344
3019
860
1115
2397
1165
2590
1269
752
657
1134
3150
2330
803
733
734
91
2150
1963
2303
1596
2518
306
1977
792
2390
1359
2817
3491
1303
2605
2709
3041
3255
1587
3155
669
1925
1281
838
2702
1451
1144
1985
2245
1005
1843
2925
2746
2063
1574
1466
4
2994
395
867
290
1318
2317
2248
43
2499
531
3031
1286
348
797
1871
2637
1009
845
928
3334
187
1004
1608
3346
3305
2987
562
1512
2355
2768
207
2253
283
732
806
1772
2090
2478
3070
2296
464
12
338
1914
494
2974
2539
2262
1668
3221
863
2892
3188
3180
1580
722
2404
2684
480
648
2678
1527
1913
2146
3472
1461
3413
2504
3072
221
2843
1801
2064
275
2213
1956
1432
1097
1141
1825
477
3145
2643
1945
773
770
2948
444
1421
2650
2603
3037
1631
2642
1429
2722
1454
740
534
97
2620
1537
188
2250
243
1509
993
2001
2456
3345
2417
3479
2440
1120
2416
3353
2243
3119
794
418
3272
1070
665
229
3158
460
2362
892
2209
545
1469
3290
3467
1931
1881
2366
486
629
347
2360
2230
2851
729
2999
2329
1721
1169
2349
1760
3115
3069
995
3466
1979
1720
939
2182
2572
662
1868
2015
3030
2236
931
2446
2215
118
2445
223
2895
3078
1460
2388
3484
1927
1971
3404
161
3435
893
3139
3384
3337
1526
920
2208
3205
2201
2062
1578
2304
862
3470
1257
565
2526
1117
1215
368
3297
1006
331
1888
3449
844
3099
2821
2252
3100
2082
857
114
2889
2530
2644
133
3458
1973
247
2040
2067
1145
3220
261
2181
1742
1928
2808
1324
2142
2935
3027
1846
140
615
3067
1585
351
3453
3262
2535
2202
330
725
64
640
3117
2993
3309
1387
3106
1664
2516
2609
2888
397
3081
380
2095
1502
3054
2482
1110
272
2666
2760
2454
2311
481
3174
2731
3062
2412
1619
970
2051
2863
944
1301
3200
2668
2507
1084
1116
637
2615
1601
542
342
3194
3135
879
693
1361
2226
1654
1623
526
1413
1218
262
631
721
1944
317
3497
82
2511
934
3242
1924
2066
299
2961
3267
1815
1700
1401
579
2945
24
2719
1757
1395
3039
2846
3444
1455
1505
2664
1595
3360
2194
2019
2551
2740
458
2292
1612
1178
3068
2597
776
1545
3401
3495
2438
2266
3260
1449
321
2874
2173
153
2694
2641
1666
533
2285
1921
3185
2168
2614
2106
2024
3207
2487
1107
2431
1443
2797
2450
684
233
365
2025
927
1371
2990
1042
964
2619
2932
2369
548
1830
2011
899
2510
1487
2537
1875
919
1315
901
2420
398
1172
1044
2370
1594
2506
390
1988
501
2140
503
1064
2839
65
1702
1521
1334
1332
2611
1520
1307
2223
3168
203
83
3409
1786
2872
426
250
2357
1562
1506
802
3344
2022
71
339
2203
3237
1103
2639
172
1074
3206
571
808
130
1201
856
2298
590
134
2276
2443
736
2942
3113
2100
585
2165
1748
3153
3026
2337
3252
2109
804
2753
2288
663
1640
2901
2010
676
2462
1046
3116
1048
2787
1974
3127
2949
307
1164
492
911
2714
312
3236
586
909
2171
3123
3064
1495
1197
3040
96
216
2389
1874
837
2481
1409
2231
1081
2185
739
1916
2536
825
1457
1758
2918
2908
2624
3264
2835
841
2972
2973
2093
2858
550
3325
943
1553
2375
1732
21
182
120
1508
1289
1643
2188
975
3032
3125
1258
1352
2278
1054
957
1671
556
3061
1532
573
3010
1695
2568
2569
1183
3111
1076
3303
255
403
1894
66
972
241
866
2429
2730
555
1701
2033
1852
2697
1515
1729
512
279
208
1306
3288
1238
1876
379
1382
1067
1522
2385
3294
1845
1915
1739
3389
3112
2386
41
1937
3222
2865
3063
414
3011
764
3285
6
1191
1163
2766
3143
2077
1926
1242
1266
1943
1240
651
1014
3170
918
3232
1589
2762
3013
2030
3392
336
201
1859
3407
2461
517
2608
2845
89
2807
3465
2426
3085
990
3398
914
1293
3214
2727
51
147
1456
1040
769
1309
2782
820
2050
45
1826
569
2618
1153
372
1121
2849
2784
1747
1360
2560
2110
84
287
231
164
2541
2045
1600
829
2103
3001
506
680
80
1996
1531
701
1722
1231
2836
2645
3250
807
2543
1573
2247
1767
3416
1320
1100
1679
2345
2931
1484
973
695
1873
2123
302
2652
3500
2555
137
1267
1543
1353
3052
1194
2772
2448
527
1953
3276
3077
1013
661
2800
1503
2421
2083
877
572
980
2413
2786
3087
1997
1091
597
3383
2409
2790
2002
3455
1023
3421
2105
3424
3347
2271
1033
2631
2361
859
3482
2844
3436
1705
1250
2875
2699
3212
3091
3172
1762
1090
2199
346
1204
3369
1993
541
601
197
1313
417
994
881
589
2683
323
2273
2265
196
3029
1260
1096
1439
1198
2968
251
965
1228
3385
311
1831
1504
3034
1154
183
619
1092
268
3182
1341
786
2682
387
2823
1111
3405
3284
2857
690
1560
1803
2975
2155
576
1839
2976
1442
254
350
3447
2989
1629
175
1935
2170
1561
1840
2016
1157
3388
3183
3366
3314
363
192
1363
793
932
1788
1420
1366
1162
1819
762
772
2458
2819
1681
2788
672
3342
1214
1741
2796
2414
1075
2600
2771
2351
265
645
2770
2648
432
3071
3131
3022
2396
1428
429
304
1350
3102
1321
3176
1642
2277
2116
3352
2638
2577
924
1903
2578
173
2372
3371
1438
248
1692
167
1565
3193
2758
1584
2364
1080
2736
3146
1349
2410
2970
889
2834
3253
3265
1270
2978
3312
3319
2755
846
2496
849
1085
2582
1835
3195
1192
2955
1821
754
1056
1918
1244
2144
2488
1370
2927
2883
1717
1498
692
264
2517
2354
3015
1424
2960
1357
2039
475
1161
3230
2239
143
1373
3217
2408
2850
3177
824
3423
530
335
2588
3483
1374
2693
1986
2828
267
1648
3437
2335
2133
2073
1957
1836
3318
1355
2196
1733
108
2425
1909
3167
2598
1649
2217
577
1863
1653
1032
2464
383
1208
1598
1954
86
2014
1473
828
3379
452
519
3024
564
2021
1446
2720
1148
2798
1755
3359
1394
1850
1934
1346
205
3120
443
3130
131
1262
1544
399
282
2152
1716
1140
624
1902
409
2580
2359
2035
44
653
600
2764
2777
3393
2564
48
77
2655
1511
2583
1972
1447
682
823
2169
2657
3298
1217
1675
359
1221
2621
2818
3171
2162
1168
1639
2282
602
2947
2120
2026
1385
1657
160
996
2279
588
1386
2623
110
961
252
1254
2552
1626
3140
1491
1622
168
1219
670
951
2802
3315
538
500
332
935
2903
1152
2347
937
198
3281
2158
2616
3084
3343
2696
3425
1771
2855
369
428
3443
2548
2308
1333
3156
3364
1713
382
655
138
1763
1941
2765
2938
2704
834
2333
930
1731
3450
547
2594
2312
1339
33
2936
309
1778
621
2691
1138
1264
2004
2005
493
757
2348
1343
2118
2690
716
2774
678
2533
2946
591
2029
1811
623
141
2078
1053
2153
2114
1738
2672
2744
2151
3141
455
2071
1708
1896
2189
2591
364
2225
1396
2
518
1128
998
117
816
2891
3373
1377
1380
2003
1791
1184
1132
664
2092
1590
1245
532
2268
1728
2428
239
2813
300
1929
830
2338
227
524
2326
2113
125
2394
2512
2878
1718
2773
2331
1025
1232
1858
3008
1241
1806
2473
2996
1450
2726
2091
858
2048
2098
2124
269
689
2099
1735
566
495
2626
2752
878
3351
367
1365
843
3287
1687
1226
3380
2038
2713
3477
1864
2525
1647
3488
3431
2640
3020
1961
2480
788
1549
484
2485
1564
375
2241
700
777
1566
2127
1854
5
2427
1127
884
2717
3076
2452
2374
2084
1715
1340
3335
1066
2847
1932
3478
1861
1181
2861
2433
745
3016
2042
2906
2046
2502
408
1068
985
1468
38
3103
2070
842
343
3372
1783
730
2514
947
2376
3075
1297
222
1807
200
3400
2601
3023
1291
1123
1203
2289
1922
2112
636
666
1331
2065
3109
3239
587
2075
515
3441
2229
815
2353
2463
2238
3489
3270
1709
354
42
865
407
2068
536
2319
982
1882
2742
1414
3275
1195
2852
1734
56
977
314
1041
292
605
1650
174
696
1305
759
3215
1682
1316
1669
960
1057
1727
945
1644
3280
2096
1174
2498
1499
329
1490
437
467
2228
93
1412
2805
3486
2156
3374
731
3121
1220
2919
1616
2434
2047
3057
305
894
2097
1406
827
211
224
3129
1571
818
36
3251
1710
1662
2634
1808
1706
796
2589
2141
1965
2780
2191
2763
886
1960
433
2373
430
1156
1685
1895
113
2505
1862
1698
3225
1102
2259
1358
979
59
3460
784
3426
2804
3356
674
1777
2815
688
2685
1823
1285
1319
1079
463
1637
2174
1765
2497
723
3224
1287
1246
813
2233
871
1833
3138
614
2562
2913
316
563
1015
2959
633
2332
1592
3000
1481
1265
642
431
1877
2018
1458
1171
1255
2477
1017
15
319
9
2008
49
60
3377
3475
2167
715
3228
1901
2274
540
1336
478
1684
1802
2136
451
1043
2257
1851
1478
278
2907
3234
2944
2216
2493
151
940
2529
2824
1667
2622
209
2654
850
1383
3219
3097
37
466
826
370
100
3271
1391
2745
835
496
1745
132
3090
1906
1554
3179
2983
136
328
3235
2232
1751
2214
2166
1453
583
667
1737
3434
2295
3378
3053
1805
10
488
3474
2864
1384
356
3368
1908
1418
2680
578
719
3259
3159
2272
102
3321
1036
910
1304
2161
1959
3048
1968
1645
362
226
1279
217
32
3035
2258
2953
3367
1782
3355
1463
3044
1190
1122
121
1062
2179
313
3003
1519
3033
2314
2928
510
2466
333
126
2636
3082
1746
1999
1975
1525
2503
1513
3093
1126
1576
111
1118
1415
1372
2088
632
2943
1296
449
1302
3257
2841
69
385
2419
1663
1310
2441
620
358
833
1744
647
3202
959
610
3181
2579
3210
1810
649
1634
214
2380
2459
1497
1822
2649
2838
2584
709
371
1337
3256
1617
1570
2937
3350
712
2343
404
1613
74
2916
1493
1711
2667
2350
2869
1188
413
232
2346
3191
1160
2900
1865
1035
3348
374
3043
156
1167
704
778
2810
953
2087
787
840
2659
3269
508
237
3292
213
2647
3160
27
3028
1329
180
1388
714
159
592
461
3308
2870
1012
873
3381
1726
3042
3137
819
2867
3233
1885
767
2339
2587
628
3196
2986
1351
193
1884
2877
1797
2180
242
2859
1216
3382
3438
568
2072
3186
1688
2291
439
1130
2914
3169
2933
2905
2822
3277
322
2761
1018
925
1088
246
1814
963
554
3258
1108
1514
3481
1624
1989
2848
896
2111
176
1347
2395
50
2911
955
2211
482
814
1176
2163
1233
2915
88
170
800
1125
1051
2197
1912
1086
2122
643
28
2460
1567
1427
3415
2995
1780
3007
2527
212
2363
165
2159
2825
2628
3440
1379
98
660
507
2734
3499
2571
3151
1253
249
3045
3114
3412
1234
1425
622
90
406
1838
2192
320
1072
1940
454
445
3399
3418
1773
1857
1437
1950
3122
266
978
2418
8
779
2674
2921
2424
2135
1518
2256
206
1546
315
318
1568
761
1393
1939
2676
1448
781
561
169
2708
61
2673
897
2885
1832
607
158
3240
2411
3402
582
1101
1417
20
2899
746
3336
2816
727
1759
340
976
3354
2263
2663
3411
3218
1024
2610
3429
2954
2222
986
3417
440
325
271
2341
1485
1919
2104
1002
1229
2923
1599
755
1470
3226
557
1078
2184
2982
1483
1724
489
552
1405
103
1089
1625
717
946
1073
1235
3107
2085
2586
235
3301
774
1829
2795
26
750
681
2467
1976
3419
2523
1400
1967
1039
2406
1288
1211
2706
652
1210
70
630
1155
3098
904
574
3397
1131
868
2799
785
699
1550
1769
257
584
724
1185
1990
3279
1793
2592
1500
1869
2313
499
1604
854
1000
2658
68
3046
1764
989
853
3036
1182
2617
847
3128
218
694
3316
1146
2747
3094
1536
139
3095
3476
1433
2287
3263
2336
402
2554
2724
1870
3266
297
3055
2873
861
1010
470
3080
1059
1259
3487
898
1323
270
817
553
606
2115
3009
2234
2964
1151
3442
2522
1683
1275
2546
1891
3408
872
263
2444
450
2508
2831
2041
2934
1847
2132
1541
855
3311
310
2283
2646
2501
3056
735
1489
1756
1893
244
2909
3051
1399
2468
1477
783
983
742
3459
544
52
697
1488
1559
2698
2139
2759
419
2290
2164
917
2352
1205
3396
1510
2405
2566
707
1444
2034
1533
162
2679
107
344
1603
1789
1817
2013
424
3201
296
2086
687
3307
1665
1019
3469
352
3161
3049
875
2000
1034
179
1995
2186
3047
2007
2833
962
967
869
115
1248
3238
127
971
1475
2495
386
453
3209
1652
2044
73
2293
2718
485
768
2748
1848
1213
260
535
1586
3326
190
981
215
1844
1482
58
2751
2688
1049
2476
166
505
851
377
1923
2862
106
2969
3362
1754
1860
1109
1272
1114
1397
3473
1251
1410
2733
178
281
2710
1247
3203
2854
949
3293
1866
890
2491
295
1052
46
2910
1492
3357
381
749
1419
1946
2323
1686
3004
150
2924
1170
1955
992
2318
2939
2227
2147
1827
2894
2383
593
2882
2689
405
148
3333
3387
1179
1465
2479
3065
2553
1364
2457
2757
1670
1416
836
17
3086
3223
1621
285
1516
1271
149
57
337
756
2671
2193
357
3313
1236
327
2080
423
2632
1423
1467
1106
2876
394
625
1389
1606
1714
822
641
3320
3110
1719
2249
1027
94
529
1065
1540
3204
1813
483
2407
2439
1408
3317
72
1557
2547
2436
1969
3066
1883
2604
2721
2952
763
1381
2712
2988
2558
2842
864
2381
2079
2306
472
2358
2489
885
1452
47
1335
1407
105
2342
782
1237
393
1849
2749
1749
154
412
2275
420
2437
1173
1689
1635
737
3494
435
2897
3108
2837
2531
2382
3329
2607
2128
2556
3198
1800
522
2430
422
2625
758
1037
2009
1712
3104
1277
903
1263
2200
1139
1322
112
2138
1026
1588
1223
1880
2130
1690
3164
1431
1063
3060
1268
1593
3406
874
521
609
677
1983
650
948
298
809
1189
2779
2451
2542
1577
801
2053
3199
3291
1672
3189
1853
2922
2992
2137
2325
1274
2219
3386
2101
594
1890
1887
189
1899
1083
726
1680
1942
75
3289
2829
1261
1007
3197
2951
1177
2284
3178
3190
3283
2490
2630
2880
373
3463
567
177
2868
2737
2606
2741
2177
2563
741
1752
259
1464
1962
1897
1632
2660
1693
1050
2985
1230
1981
634
2801
2538
596
3012
1676
2474
987
1898
1
7
3452
2432
2675
2550
3324
144
936
2401
1674
1472
2814
1575
514
3038
2121
2060
1434
2629
421
2769
1243
3454
1113
1611
1987
1312
2031
2324
129
1723
1119
3216
504
2255
2965
2695
3133
2175
3050
479
852
2484
523
345
62
2776
1147
1328
3451
2593
2399
617
2052
2958
2738
966
743
751
1317
2860
1367
811
702
698
1569
3339
29
459
2315
2670
1273
2210
3330
2826
3092
1660
1426
921
2627
908
1369
280
1298
411
3096
876
415
1069
942
1530
3456
3079
1378
738
3341
2971
848
293
3395
1047
1327
1812
2866
2334
3231
539
922
1535
135
2681
471
401
2871
1196
627
3124
516
1030
1430
3154
1022
1098
2069
23
2677
1867
744
1436
798
219
635
142
462
2453
2881
2212
1952
1936
2300
2242
2806
2020
3332
2392
1579
639
2148
2269
580
2565
713
974
528
1583
1494
1031
447
1856
1542
2012
116
1496
3118
654
95
2812
3420
3480
3162
1691
1474
870
3083
1523
3274
2237
2633
2532
1730
2893
1753
2246
646
1239
274
1344
324
1001
2108
1547
2756
2117
122
18
1390
1534
1878
388
581
3018
2966
791
706
2286
191
2143
1620
54
3493
391
3074
679
1609
2665
2896
3254
2205
1750
711
2220
2240
765
958
1020
3358
2320
2703
2561
2119
2602
119
1775
2528
3282
1633
1129
2904
181
3244
31
1284
3132
2545
1338
831
2651
2027
1008
245
753
392
1614
301
984
1282
1795
2926
1471
2613
551
2750
1656
2400
1820
2176
926
895
258
950
2785
1855
2984
1799
2940
2321
2309
438
1278
2322
2270
1283
1768
1781
2365
795
3134
2221
1638
469
476
1602
1445
456
1187
286
2920
326
1060
1158
30
1186
2037
1095
2061
2297
2267
1707
887
76
400
1224
525
2519
3461
1404
1872
3142
1376
355
1900
1539
2398
673
1779
520
2635
1486
2455
2581
1785
2792
789
3432
2058
491
1816
1422
1947
1206
85
1641
273
3448
747
490
3464
907
2294
1607
1362
3187
1572
2340
2827
1796
1345
1342
1249
101
2559
929
1402
146
3390
2715
1740
3422
2059
3006
1841
2032
128
366
810
2149
3300
821
2204
2820
1528
1308
1222
915
2183
668
2711
1325
225
2912
2391
185
760
1462
2378
2299
1725
2251
2305
1938
3306
912
2962
2557
1507
3496
1661
3245
969
1790
2775
2743
1476
2368
3302
3192
3299
2853
1677
766
2494
3295
839
2879
79
2102
2449
1605
2653
513
3363
236
671
1524
2435
308
2686
2898
3147
2729
2393
2154
799
2707
1558
1837
1798
349
2661
1966
2402
3410
509
3485
613
1142
1581
1792
199
2612
294
1659
2260
2656
427
1886
186
123
2549
2887
2387
220
604
570
3327
728
1280
1045
575
67
2509
2328
1435
1984
2540
941
708
155
2917
1920
3328
3349
1824
2206
1276
457
2570
2980
549
1551
938
2890
1994
1804
2941
1776
2301
396
3268
1889
2998
2483
780
1548
13
603
3175
1818
376
608
1016
353
2991
334
1828
1834
2567
1905
2830
2145
3391
906
2832
3101
3152
2023
3445
2739
2415
923
253
1991
184
34
558
3498
2803
2732
2534
1998
1225
1591
360
3261
1440
3165
2767
1403
3248
228
2524
441
1694
1105
1143
2055
1300
2172
3331
145
2074
511
2783
685
1290
905
1610
3241
2190
1003
2224
1556
2811
1529
1958
502
1948
2218
204
954
2791
1459
703
2520
1627
2089
3296
1538
1517
152
659
234
2573
900
2129
2754
2544
3073
3322
883
1552
2379
2687
1697
888
2056
2384
3278
2669
2705
2367
2028
2423
1982
39
1646
55
2662
913
2198
1441
1029
3163
3144
3149
2576
1252
2377
686
2521
1021
1917
1375
805
1678
999
1159
2125
2134
1136
775
2856
1104
595
2195
473
2471
1135
19
3430
40
2475
1071
276
988
560
442
3157
1166
1479
1480
1704
3471
277
991
99
1077
3376
3457
87
410
1058
2422
882
35
3105
1193
1368
1911
710
1055
2006
1354
1809
1615
3468
1133
2950
1555
2840
1784
1673
1636
384
1038
1949
3089
933
1199
291
1655
3246
3208
1299
1326
2794
2963
1112
1930
812
434
2574
611
1295
109
1842
537
3490
1202
3211
2302
498
1330
3088
2979
2371
1175
748
2515
1563
2886
2956
3017
1761
303
1879
2789
2280
1398
2207
3462
1314
468
2778
2977
92
2442
1227
436
1099
2054
53
2244
3414
3005
3002
2930
157
683
1082
1087
1770
3136
1411
22
2307
163
2728
3403
1061
289
2327
81
448
2254
3058
771
2723
3439
1699
1392
1703
891
3446
3247
1907
2929
599
3427
2017
202
3340
2492
2076
2081
3184
288
1356
11
1207
997
2261
256
2356
2781
2187
2585
1794
210
2465
2486
1904
691
1628
1964
361
1951
705
1651
3213
3375
2469
1992
2884
3
2264
63
2575
1501
474
3273
2157
718
1658
416
656
1028
2049
2447
3394
675
2160
1630
3361
2967
3310
616
2902
1743
16
1292
1582
1200
3249
3370
2057
2470
658
3323
2701
1696
284
2500
497
546
2107
916
1093
3148
1311
626
3243
2178
1933
465
1212
1011
1736
1180
3059
3365
2793
2043
2131
1774
2036
1094
3304
2700
378
1618
612
2596
644
3428
104
952
1256
3338
2281
1209
1970
425
832
1149
2735
230
3492
2997
2809
25
2595
2472
1910
3227
2513
790
3433
2725
1137
2981
2126
487
638
968
14
2316
1348
618
2094
195
171
240
2403
3126
1978
1294
3025
1150
2716
598
1892
3173
3166
3014
1597
3286
1980
1766
