4588
1974
2946
946
763
2904
4399
462
2201
3625
1751
4492
2566
1199
2457
2399
4001
1271
336
1851
94
2186
3094
1075
1899
3307
2040
2342
2373
2459
4017
2767
2094
1442
1884
120
3278
2139
2099
1007
2474
3407
1083
3956
978
75
2090
1401
260
2523
4345
2160
1987
4542
419
2164
3064
2268
3100
3582
4347
670
1973
4159
3707
3376
4272
4376
1432
3367
2011
1772
4081
4184
1410
3967
1949
527
1056
3879
594
2565
3238
1277
3308
703
2883
1907
625
1890
2076
4230
2840
1469
2498
1654
2261
3182
3959
312
639
11
1351
2352
1615
434
1348
3329
1535
1105
3191
3128
1669
3646
4340
3984
2590
2520
422
3819
3883
1620
1099
2329
3589
1082
3869
1722
1176
136
2400
3753
303
1234
4502
3299
69
2625
2326
2492
1128
3158
1808
66
2069
2954
3924
1823
4112
3059
2477
3430
3343
4393
4440
276
482
1587
2392
2551
4101
4254
799
1577
3241
2748
121
2479
3631
28
1107
3297
3739
3313
897
3786
216
692
2096
2175
3789
2192
3428
4212
293
1015
982
1370
1074
2670
1762
2633
2674
3484
2330
4013
4030
1730
784
4520
2389
2638
3224
1931
2711
224
3668
331
3737
13
1692
800
3405
4286
3714
827
2792
4454
4136
2978
1435
3515
1154
2773
590
191
125
1026
1552
4433
57
3061
3815
3336
4149
3261
4526
1330
3906
1214
3550
1964
3429
1913
969
2449
2975
3667
3780
424
3606
4086
2771
1960
2763
2834
2017
768
346
798
889
471
1253
1770
4313
2174
3051
1364
487
795
1717
1824
2886
4041
3066
1097
3284
1334
2635
4493
3112
147
106
3881
952
3719
2618
2246
2571
2367
1240
2060
157
3416
4362
3385
3560
3077
513
3793
3817
3931
19
453
4533
2248
2050
1514
61
563
3358
3768
4089
4109
4259
2149
4007
3113
2252
4225
3465
2751
378
4436
2472
1842
4056
519
3401
3720
586
3677
4529
1668
4315
2121
4123
4217
2083
752
2531
1251
3751
3189
1828
662
440
3114
20
1012
2007
4018
2599
103
2406
483
3519
2813
4457
393
3503
2993
3890
769
1761
1982
1640
979
3133
2632
3618
837
1588
405
4199
31
3011
3109
3670
171
2166
4093
109
1678
3692
1486
4124
1402
3904
4084
3206
2277
1470
199
3126
3103
2868
958
2142
1517
4369
2790
1409
1349
1039
774
3859
3874
1779
217
1216
2824
3448
2556
104
944
936
1226
2759
3310
1139
356
1647
2733
2577
710
189
4157
2853
3653
4517
2491
4304
2185
2180
525
1532
647
4129
4050
3107
857
1085
3434
3521
2234
787
968
3613
1995
3899
3130
566
1157
2462
1556
2612
529
2469
1994
654
4295
1888
129
785
1285
2152
1624
1027
3003
2796
3490
1342
2815
261
4341
474
548
3485
3475
2789
2941
3640
1346
3785
3517
2777
1094
2031
3943
1071
3339
3929
2416
1943
3952
1276
2945
3975
585
2012
4334
2442
2126
3419
1876
2575
560
2003
2809
2055
1744
2715
3888
1485
4312
1743
4074
2267
1990
4142
2627
3972
3069
3285
2722
1946
3639
1955
4094
3993
3782
2434
2880
59
1590
504
4475
1017
1775
1560
4331
1073
771
122
3288
141
3958
3216
3480
2286
3572
3745
1859
3842
2001
1512
4203
1746
714
3978
1885
828
1657
1466
1939
2288
2114
145
1611
62
4552
3356
2441
3265
1384
1954
1113
3675
1919
1379
2778
3980
4522
3788
2414
2949
1732
2487
2264
302
3534
3708
4148
4415
2249
4151
835
1236
93
3314
1300
2953
1472
3422
1354
266
4293
3138
3601
1329
2178
1959
1416
934
1857
4445
2845
932
1426
4062
1053
3262
148
880
371
2695
2497
718
621
2026
2214
2995
2020
2746
96
495
4326
137
925
320
3627
4319
1158
3084
2983
892
655
2109
376
2368
76
2413
3424
823
222
2129
2196
2435
682
1204
2280
702
4466
4224
509
81
1980
4183
348
1757
1227
328
2659
2765
619
604
1658
1800
3250
4476
2507
1707
479
2890
367
2915
4464
4562
3220
4282
1483
2473
4140
1101
1843
3759
237
4045
4348
4265
1443
1711
1201
2133
455
1509
2504
3225
2074
4275
2353
2089
3129
1408
1716
746
579
3823
1183
3629
4241
1592
3463
308
4448
2063
2292
1062
1708
118
613
89
4231
1312
3960
973
2616
284
2877
1464
4548
3910
183
606
1436
720
426
375
488
256
1120
1338
4564
2977
2527
4009
2693
4228
403
3915
1895
3249
1174
3377
3403
1520
3151
2705
3531
3122
1972
633
1508
2316
3459
3423
1923
3734
3047
569
4353
3812
844
2105
2851
447
855
4439
2601
3940
1765
1366
3518
2254
4424
4229
2108
983
2663
2872
996
1549
3292
3101
4478
2123
4534
3487
3887
3350
575
3322
3553
3558
3557
409
1965
4566
4044
2067
3215
1148
2318
4539
46
4164
3042
3090
3231
3690
4400
3709
3908
24
813
3033
1935
1507
507
919
3966
598
3169
3032
2636
1727
1126
2651
2009
1223
1024
4508
1927
3622
452
4155
3891
351
3581
1317
2338
1118
1356
254
4467
608
1086
2421
3022
684
672
100
3466
1109
153
1586
2278
1681
1599
1777
458
3691
4075
1638
687
3026
2729
1169
197
230
2966
3412
4105
2071
1117
3813
1378
1942
2028
3148
1618
4346
2227
159
4307
3505
4215
4435
2519
2463
3902
3174
2168
1915
2205
4198
3546
3495
2937
2501
3432
1043
836
2969
2502
3168
2362
2253
3017
4330
2283
2994
1318
3750
3524
4065
505
1894
2799
3752
3093
1999
1461
737
1004
6
1983
168
4321
3328
401
1697
150
1754
2820
4211
3829
102
2311
3400
3036
841
1536
44
4329
1487
1275
110
408
957
4223
1262
1187
2750
239
2970
3457
3233
1812
2816
4391
2122
4547
4546
3740
3243
4247
1835
1714
2893
2570
3333
1288
4288
281
4363
3566
1239
1309
4080
2839
33
998
1141
2125
2153
3260
1189
332
3798
2494
1646
1221
4066
1903
123
738
2515
3666
695
2637
4560
3492
4170
3161
2481
2580
398
729
4035
4097
3235
4554
3178
2211
1299
2173
3082
2000
1550
2537
3303
3079
1606
2680
1331
1557
2349
4470
3885
1881
3143
1579
1696
3656
1736
305
3723
4507
1182
544
3025
3669
573
1738
4016
3637
4111
1144
1190
2772
4333
3686
558
2370
3932
1544
4146
4501
4431
300
2568
3210
4216
2829
780
3468
2542
3994
337
1131
3969
1867
915
2032
3663
2426
3805
3442
1967
1852
3648
4349
2333
1910
4549
3402
1883
4040
187
3809
3247
1489
1032
2801
4477
3050
2788
866
599
705
1543
1137
980
1155
4410
384
4010
1847
220
3568
990
1782
923
2445
1314
1243
885
2361
4135
2702
1450
1180
2757
3576
3592
2786
1302
3184
4246
3311
1725
448
194
3242
4468
4300
134
1510
950
3478
1081
532
2592
4058
4561
41
2783
23
1202
1951
3699
438
2731
3141
3116
1332
4171
680
628
4029
4276
285
3365
1905
3543
1496
1595
1289
2380
3999
3179
977
2130
39
1724
4394
517
2539
1693
4063
32
1648
3977
177
1891
1968
2395
3516
1683
2653
3092
1119
3502
2451
5
1138
1474
2140
4284
2563
2892
2334
554
2981
4387
3974
643
2802
3877
4455
2814
149
1878
3164
392
472
1575
313
4383
1581
329
3913
1767
3146
1519
1111
1210
2346
3378
888
3386
562
1583
2649
812
1539
4121
1011
2847
4057
2013
1729
2082
2549
3712
2822
2470
910
2049
1252
2630
4197
4318
4367
629
270
2602
4532
1313
1476
330
3281
580
2381
1114
4306
3840
3836
896
2521
522
940
1160
1350
1997
294
10
439
4078
699
605
744
1780
4392
4154
1635
2508
681
1230
3852
2887
1810
751
3990
3451
657
3762
304
478
4204
2223
540
249
3871
793
2448
3948
3330
683
2645
2584
238
3979
2785
3946
3986
1686
1088
528
4025
3194
1963
2836
4372
1986
1481
2022
2417
1145
966
130
2056
1152
342
1540
3596
4269
4145
2611
2620
1563
2812
3957
2443
326
865
3363
1091
3636
1984
567
1386
1428
4428
3941
1786
2596
161
3383
246
3379
445
1029
555
4152
3380
1420
2992
214
1656
831
4287
1045
1394
4022
1902
3761
3404
2512
2182
4054
3316
890
3410
3052
1582
2564
1112
2901
4290
3351
1480
2213
3826
2833
1900
1820
1704
965
208
1135
814
1862
1538
1568
3056
4441
3118
1037
3104
4563
1849
3598
3068
3795
3678
2690
4176
1355
2010
1798
2218
2709
1390
2404
3664
1259
287
3246
2146
2732
4384
4073
2762
4261
4538
3295
56
2266
1423
4559
4004
1685
1445
4553
3373
1826
2832
3721
1672
2979
1988
4285
1495
3909
535
1090
524
2958
353
1245
3085
804
864
4026
1773
1861
4537
2591
1690
1387
3499
101
2843
2503
2231
2931
2144
617
2119
4024
4179
596
3426
3620
2179
259
3312
442
3293
1652
2606
2299
2678
3824
987
2240
152
3494
4462
817
3730
4506
2393
345
4342
4482
4575
4209
4303
3855
2372
374
3996
432
2947
4144
3770
2371
3353
451
811
92
291
1869
1802
4014
247
1815
1047
2894
3651
258
2102
2661
3280
3252
742
1920
4082
2225
758
2086
428
2980
1311
4264
1129
1776
3306
1270
4302
1297
510
2544
105
4012
1830
43
3790
2054
1260
3764
2401
4576
4289
1664
3498
709
1734
2282
4565
4309
3073
2841
2858
2468
583
3918
862
1142
3615
3300
2376
2407
4195
1335
295
1554
1818
399
4541
210
1608
2803
634
2087
2704
3202
4427
265
1634
4510
1374
775
3071
3693
4008
480
2552
309
3263
4375
1235
1018
486
1197
1660
65
807
1796
315
747
1339
2533
1393
4297
2610
1493
1932
1433
454
577
2224
4558
803
2998
1296
3718
317
2127
3234
277
3181
607
1308
3927
1545
275
2797
1371
2324
2276
2923
2467
4137
612
907
601
431
1418
1320
2454
1993
3418
753
126
1864
2511
2593
790
3697
3920
3938
2784
1750
2365
3992
3844
1151
1547
4188
816
989
2768
3097
3536
748
3532
1070
278
2197
1726
2655
3034
3180
3319
2293
3165
2550
3251
822
3922
508
1471
4509
3277
1431
2110
4390
2068
2957
2589
1831
1741
406
1721
3152
4242
418
4100
521
2456
1310
3500
2917
4524
200
1248
4042
4077
4518
948
1497
4481
3196
2097
3096
1811
3173
3704
4447
845
2006
473
2972
3985
1578
1799
2331
2864
4444
2666
4550
1014
1417
2546
2244
255
526
1265
3137
2079
810
2183
496
1525
1992
1499
1855
3024
3506
2555
930
2043
2194
111
3200
2138
2141
4535
1573
917
2260
4311
1365
3232
3088
4531
73
609
3371
2929
4465
2706
1501
2170
3203
1829
4351
1941
3417
2615
158
4543
3858
1662
4577
4328
1102
3807
2112
3660
400
4274
531
2052
1163
2701
1167
4220
3046
3081
2547
4036
3839
1267
4442
2312
127
2004
765
2561
929
2999
469
1256
1421
3605
225
2926
3147
877
3514
115
2447
2215
3039
443
876
1819
4182
3933
1340
36
3608
576
2707
53
1035
357
3564
1263
360
2869
3489
3286
3298
301
1460
1758
1196
481
12
2545
762
698
251
602
3016
4379
1272
4395
1185
421
3528
4419
3349
319
3837
1322
1784
2345
1945
3991
1548
2242
3806
4294
815
3425
2683
4355
3695
2363
475
1181
2909
691
3001
1096
967
4262
2991
1110
2647
1178
1562
2296
90
669
2120
1274
3028
1084
1406
3525
712
4064
413
1116
1948
2597
3038
2058
611
2718
2905
3643
2911
1368
4305
1682
3529
3266
113
927
1688
3421
1521
1667
242
1000
792
914
2018
3535
2188
913
3031
1630
78
116
1551
3375
2950
2016
4053
3237
3368
2008
4027
3098
2157
2553
1170
2455
559
3688
201
2100
269
1175
3338
2927
4099
4168
2379
2158
4153
2753
50
961
788
4250
446
2634
2583
640
685
1465
4582
4106
1956
4162
3766
1286
678
3696
274
77
4116
3149
1315
114
2541
3391
1396
1036
1962
786
3749
2720
853
4133
893
3926
22
45
600
3796
3408
1038
1511
694
4574
3981
1427
1742
3458
3436
2315
318
2823
933
4
1413
4189
2644
2854
1034
3493
2888
3388
215
2960
4344
2959
4350
16
3197
3964
2976
388
1566
1323
2723
99
549
186
2764
3012
203
3445
1555
1506
2626
1055
4460
1571
1463
3334
1228
1022
3962
593
207
1031
3820
852
2418
146
1822
1887
1492
2944
3776
2212
627
1904
2325
520
1072
1456
4141
4335
644
2104
4202
1383
2684
1580
1771
1255
1821
4389
3882
4298
1718
3029
1237
3635
4205
72
151
1321
1953
2860
1680
2341
218
1278
1153
516
3102
984
3746
3469
3742
3211
4190
750
789
572
1367
2190
3352
1661
2825
4237
938
2889
1453
1570
953
1804
642
2307
1795
1362
2600
1092
3193
1067
1880
868
1605
4033
561
2875
2431
538
2585
1257
2187
3574
1441
1473
2895
2057
178
491
2388
3000
1403
310
38
972
4119
1976
2193
58
3621
1534
1211
1806
589
2202
2505
3919
4490
138
4434
1229
34
2167
3659
1282
1559
1333
1494
1397
1222
4108
3644
1381
4423
3552
797
4172
204
1737
4090
1687
1057
82
2059
3701
3273
2391
1459
1389
3067
3157
2848
3799
2863
3833
1643
3710
1068
1957
777
2273
2163
3144
361
1561
4317
1166
1598
4256
1327
2317
2776
1103
2744
2742
3095
3649
2675
3007
2586
1917
3340
2220
4325
248
3661
2275
3207
160
534
1124
2025
3757
3965
671
245
1614
2475
240
2621
581
132
2687
1164
2113
3325
4525
3345
1484
3873
395
2005
689
622
3794
881
1516
1909
3217
1003
3717
3326
4358
4519
3784
1324
1684
2437
4544
2036
778
3160
2204
2436
2377
995
4020
1458
195
2358
3186
1500
839
4283
226
3342
174
1600
2747
2232
3176
2608
4125
3357
2332
4572
433
4366
2694
2884
3861
3835
4374
322
1400
4161
550
3726
3683
2595
1424
999
623
726
3821
833
365
2257
1203
1764
4192
3198
2209
3119
1911
3773
2226
2668
688
4114
3862
2156
4034
3013
3878
697
2749
931
3504
3679
754
95
4343
2143
2066
2573
1303
4291
1467
2677
2882
4239
1985
1468
3715
484
2117
1621
3364
1925
1048
2080
851
3600
1325
4356
733
282
4046
650
2351
3453
139
9
377
1871
708
4011
3431
2727
641
2667
2219
603
231
263
2019
4096
2543
3070
2039
1753
3108
385
1825
1671
2237
1437
2250
1491
3590
2881
830
1787
3792
4181
1051
1763
2961
4332
975
2654
1019
649
2189
1287
2819
335
920
4414
743
3828
4354
4208
4540
1184
494
2500
166
3320
1897
2743
2866
4472
2438
4437
511
4551
1553
412
3633
3917
1446
2256
3192
4207
3228
1454
2761
3774
3968
2774
4583
1628
2482
3214
1569
901
2429
2699
2476
1712
4037
3555
3005
2935
2617
2974
3758
299
243
3420
2291
1404
3087
140
986
1405
3973
2673
4461
992
898
3185
1215
2686
3834
2806
3848
556
3523
198
1950
4580
974
4252
1498
4032
1087
1304
63
4160
417
1044
2857
3989
3115
1399
4235
735
2965
4277
2719
2446
1462
1979
1449
3825
663
3222
3473
2835
1225
3443
3091
3511
271
707
693
4226
3209
4143
3205
592
347
3950
2402
3381
1095
2862
2826
1001
3063
2239
3638
3685
887
3530
1898
3121
2919
1200
2951
236
3183
679
2671
1841
2297
1513
2098
3294
1807
902
2985
1816
4281
3372
616
3302
2793
1766
4361
463
3554
1989
3131
4503
3117
2051
1593
3571
2489
3876
3136
2136
467
2871
4196
437
1279
2775
17
133
3476
886
3384
1641
3556
2488
3054
900
4038
3868
2101
2989
3538
2386
3542
4258
3777
3567
1108
316
2128
4373
2629
530
2986
2207
3399
3175
279
4469
740
4385
1632
288
1607
3744
4131
21
1719
2419
2518
770
4545
809
2062
4352
874
3335
4579
1594
4039
3711
1490
4486
686
2604
1709
4227
3474
1133
1791
4130
2587
2782
2374
2569
4158
916
766
2708
3337
80
2900
283
3435
1567
2002
806
4147
1290
2576
3949
1617
675
3724
924
3439
307
757
1041
899
60
1527
3810
503
3041
3641
3510
4449
340
2672
1803
2896
2310
690
941
3845
4403
2021
3916
1626
3440
1870
551
2092
3290
352
2794
3166
184
1756
2831
1922
1505
2321
4485
565
3259
1191
3049
2241
1906
1728
2134
3155
514
30
4371
725
2885
870
3437
3433
4587
389
1689
4487
3609
1645
1642
731
4233
3872
2603
3604
1629
4456
3289
4222
366
2855
272
1280
2639
3305
234
4458
2295
2095
3324
2107
2940
470
3537
2124
3044
436
2874
1604
456
3301
2356
2496
4236
3472
499
1622
4122
2692
1194
257
1768
3914
2064
232
584
2676
2514
4214
1122
2924
4421
3048
4357
3491
1388
4127
4068
1522
1515
582
324
2921
1740
3526
3
3800
2559
3570
2737
3461
3754
4175
4557
85
3486
3998
1848
3219
4263
4079
3987
3134
1633
1429
1663
1574
1150
2396
416
2899
1998
2779
706
2791
2712
1391
3937
4234
382
2093
2030
338
1886
2148
490
2613
3728
2562
1747
4103
1028
1009
4323
268
719
2754
2015
1677
2044
3361
3843
3414
1212
1341
4314
2035
2245
2398
1745
3527
4443
3255
1601
858
3681
4378
3253
645
3127
2669
2162
4088
3354
776
3074
1572
119
97
1892
4412
3449
3283
4451
2061
3801
4480
354
882
2355
4402
3925
1380
1858
1908
188
3827
3632
1752
2738
2714
2176
2350
2558
2910
3199
2461
3291
2298
4360
2902
325
3411
2191
825
2967
1080
1591
801
667
2535
3159
2255
2567
3747
1926
2912
3366
1306
661
1827
4185
341
4308
3509
903
3797
2752
2925
386
2532
1616
252
1893
1723
3702
2973
3390
4310
3023
306
1526
3153
4245
2968
677
476
485
4178
4257
591
2150
773
1850
2088
3645
3140
1347
3264
1700
2433
854
3021
2664
515
2313
2850
3851
2607
3370
2987
4150
2485
4128
3727
3903
2041
2682
3450
2091
2427
1173
2034
964
976
3406
2631
2337
2425
2078
4417
4200
3687
2135
4452
4570
4003
2624
4388
1438
2430
911
3438
1042
1759
1060
1838
1127
227
2452
3896
1361
3188
1136
2838
2432
2641
3125
3374
2990
2405
3123
1749
2151
3867
3951
1269
25
1415
1205
396
2309
926
3257
3057
3002
2755
2274
1360
3321
181
859
4244
4110
3755
4060
1971
4248
3497
1002
2948
1755
2440
3898
842
3803
2065
3172
2660
2740
951
638
3382
3907
1619
3673
4515
221
1016
717
2169
3775
3652
4473
1981
3905
1856
994
3080
205
1478
721
4404
2359
2336
229
2216
2236
3332
4432
3488
2471
3561
4120
3847
764
410
1412
2728
2364
2053
3630
107
2344
88
3760
1475
715
2378
2
4411
364
2070
3462
749
1896
164
2023
614
55
3009
2852
993
2928
1523
1797
1013
3539
3901
3580
2103
2662
3694
4386
3599
1353
1836
179
4450
3341
1865
3296
2279
3562
2642
3689
1025
3884
264
3142
1482
3587
832
3132
2964
1854
397
821
4584
1877
970
2996
3053
1147
704
4396
1209
4567
4324
4409
1706
3822
3971
912
3460
3135
2111
1504
1336
1679
4173
3318
1944
290
3976
2412
3269
323
155
846
1023
963
1106
1422
2335
1326
3603
1455
2876
4422
945
4555
4163
2516
4401
3010
906
1241
2984
696
1631
2484
2628
3831
3591
3565
1219
2384
3955
985
1264
3731
3650
4255
1382
3671
1208
537
2681
1246
3208
767
3662
1603
1966
615
3187
659
867
1839
3551
2622
2453
4496
3853
2536
4528
2807
3190
3611
3875
4134
724
1840
2206
1837
3446
730
425
2072
3893
390
1853
29
2408
1933
35
4028
4416
1794
459
202
2319
2037
4491
427
2320
3533
3409
2865
1132
1395
415
3395
1936
4495
918
4087
3983
2920
2222
464
370
1733
1352
3471
4006
3961
3602
124
273
506
2914
14
51
250
1623
3447
2938
4292
1372
3327
3145
1558
3075
2844
1249
219
1735
2578
1156
253
838
4165
2464
2646
1100
847
3935
1430
4187
3895
1033
297
2879
2410
4488
2873
1713
3736
1479
223
1078
2014
402
1266
2936
493
3944
414
2878
3027
3706
4581
233
2932
1597
1328
1832
1613
2908
1676
1778
1005
2713
4585
1774
1319
2643
2652
2270
3846
4115
3212
2272
1337
3393
1844
2650
1710
4138
1524
4049
1789
2962
4500
2024
47
2354
4210
1644
1079
658
1344
3398
167
3616
1162
2725
3854
358
2073
1503
4513
3811
3682
2524
3347
2526
165
2525
988
3595
624
2409
3912
1375
2726
3856
4206
4268
3006
1193
3725
2506
380
4092
656
2952
3617
3221
2510
3733
745
404
387
117
636
2939
741
2305
1076
2375
4398
3942
1177
4438
3624
2657
878
1928
2700
942
79
64
4569
2327
182
1232
4067
4471
905
3171
334
296
86
3680
292
3344
3665
339
2717
794
1488
1602
2560
489
949
3559
1477
2233
2770
1627
3427
1130
3988
4359
211
3930
1077
1217
4301
3578
2703
67
2609
3657
68
1281
1452
1792
3588
2804
2795
4408
3226
1760
1914
1788
48
3841
1695
4266
541
4498
664
4271
1298
4588
646
4463
173
1874
4453
4118
1929
172
2145
2444
2679
2458
2262
2033
206
1140
4156
547
3004
3573
1052
1612
350
4322
37
3713
4479
163
3060
4512
3369
2042
135
3078
3923
4426
2155
441
1046
8
3802
732
2203
1207
571
2387
759
3240
539
3058
4249
2572
802
962
3886
4273
1699
3769
363
4169
98
850
1970
652
3177
1793
1666
3162
1411
1357
1610
42
4069
3781
3743
1345
4586
477
2106
2308
2235
2251
909
1292
2513
588
2756
2594
193
2285
1294
1273
533
1781
3654
947
739
2154
2697
781
3019
2259
1295
883
1650
3771
1444
1977
2830
3619
3015
4474
2137
2730
860
4511
435
1301
3317
1064
3857
3970
3170
755
2956
2210
3279
1670
2781
4107
1213
1584
241
4497
3804
779
3467
4102
3672
3520
83
863
4499
2328
3387
3982
1451
908
1171
2665
2691
734
796
1665
3455
2735
3282
4174
3995
873
3647
1529
3814
162
4530
820
1425
2588
3548
3674
2366
156
2861
1879
891
523
3315
2394
327
3110
728
894
4504
2265
1206
2760
3062
937
3389
2988
4260
1769
3583
991
359
2540
660
1975
2258
3808
3860
574
2810
4299
3911
2897
3477
498
1307
2085
2247
518
1813
1305
1268
4489
3575
3201
3483
2614
4139
131
542
2716
1541
2916
2870
3508
2955
1063
228
3014
1414
1702
2867
1866
2922
4430
4536
4364
27
2522
3684
2766
3863
4091
3331
3614
2811
3522
2581
2200
2689
2423
2415
3698
4194
1316
2411
808
3089
1934
1440
1006
4568
722
1407
2741
4337
843
1233
700
3195
856
4005
4177
2229
2483
3610
2465
879
1247
971
637
212
4413
3256
1875
1991
1978
112
620
2982
213
1845
3597
52
286
3163
2184
1238
1123
2046
2605
1293
1363
1369
829
3239
2208
2171
3738
632
1705
4098
1694
1958
1250
3076
1188
1050
997
4126
2048
2198
176
87
2696
3545
701
1121
3479
2343
782
713
3586
1104
311
4167
4483
3585
3397
4494
1674
2574
4571
3772
4052
3579
2808
362
501
3124
761
381
449
587
2424
1938
3204
4267
2817
2027
1359
4420
3703
1198
2181
1447
3258
4278
2230
3963
3348
3838
959
635
545
772
723
3501
3106
4218
2360
3549
4338
500
4201
3267
2721
349
3928
1701
430
824
4061
2918
1343
1518
2271
2619
280
904
1653
2849
2828
4193
4072
3540
3083
3392
1457
4523
3832
4429
4191
3230
3452
4327
3043
1565
3359
2221
1639
1715
2758
2495
1655
2598
3563
1576
4095
1258
369
3892
333
960
2745
2787
2517
3634
3441
355
3939
2490
4113
2859
1546
884
2478
2357
895
4484
2115
943
1218
2818
1916
1161
3482
3756
2509
4219
2077
2557
2314
4573
3729
3767
2688
3139
543
2159
2322
939
618
407
4000
4377
3227
3470
595
4043
3271
3213
3309
4459
2347
1066
2284
1542
648
2548
3481
209
1801
568
1377
1636
819
1242
1172
2907
420
91
3763
1872
2963
4221
411
1625
3748
2294
1947
2323
4070
1115
2710
3765
343
3229
2450
1961
1609
4019
1010
1637
3997
1651
3716
4047
3323
3569
3456
1231
1020
1125
3018
180
3040
1537
2195
465
196
552
3394
546
2579
818
3055
3778
2340
2238
3816
4280
1291
3735
3594
2530
3866
2780
2658
1912
872
321
383
2301
84
2348
262
2582
3865
2493
2734
298
1
3413
3830
3218
2798
4316
1675
4238
3705
3270
631
3921
54
3099
170
3065
49
289
4059
1817
2172
2769
2428
955
2534
727
3513
1179
373
1940
2118
3850
1195
1659
1889
2846
2306
492
3607
2081
536
756
423
2397
192
3245
653
578
2529
71
2147
2047
3304
2466
4021
1846
4085
2538
1448
2420
3544
2300
1691
4370
805
2640
2217
3272
3156
4339
1398
1159
3612
4104
1673
3945
4320
143
2038
3496
2177
1731
3577
3953
557
2698
3628
3541
2385
460
2269
1901
673
2827
1392
921
783
1833
3223
4381
2685
840
429
3655
3444
1809
1261
244
2161
3584
3362
4425
169
368
1924
4055
3936
4446
3732
861
1134
372
1528
4031
3037
935
3275
4556
4180
1376
2403
108
849
142
2290
1358
1021
4240
3779
3248
3889
3396
3658
834
3236
1030
2339
2289
1868
2997
74
4336
3623
2891
1720
4505
1996
1093
1165
1040
2906
2656
1783
3880
4132
1149
1061
1921
391
1860
716
570
450
2943
15
2554
3035
314
2913
185
4213
4296
2383
1065
444
760
1244
2898
2971
3642
1589
1698
1224
4117
1530
2075
674
676
2422
3254
2287
564
3791
3167
2856
4382
2045
3154
4002
4051
2934
4516
3864
1585
2486
2821
1254
3897
2724
2739
1748
461
4270
2084
2528
2837
869
791
1089
3783
2199
4232
2736
1049
3086
2648
1054
630
4380
3072
826
3150
871
2263
3020
1283
736
1564
1419
4023
2281
553
128
626
3244
3787
344
2903
4527
1385
1220
2228
4578
2460
3700
2800
3818
2304
1531
512
3360
665
2805
4186
18
2029
40
668
4368
1930
1918
1168
3111
1533
3120
3276
928
1192
981
4514
2499
3287
3355
4243
1146
1785
3105
4071
2390
4407
3849
2933
2131
70
3593
4406
7
26
4397
1739
875
956
1649
2382
2243
4076
3934
1069
3008
2439
848
610
175
379
2132
2623
502
1143
1790
1186
1502
497
2165
3512
2930
2480
1373
954
4405
468
1098
1937
1439
1805
666
190
3268
4253
1834
3030
3947
3741
4251
3870
4083
922
457
3626
3547
267
2369
1596
1058
3346
1873
1703
3722
2942
3954
1814
3676
3274
1969
1882
2303
144
1434
4015
4279
3900
1863
3894
235
2842
4048
4365
466
1008
1059
3464
394
154
651
2116
4521
1284
3415
597
3045
1952
711
2302
3507
4166
3454
4418
