5430
1449
3914
4747
3017
1850
3685
5030
2577
635
4284
3755
4997
2915
2444
3710
1562
550
1396
3572
5231
1355
269
1124
354
2018
5343
1187
535
226
3864
3590
3825
1423
2010
4664
356
5276
4331
1374
1346
692
2426
5010
5073
4087
1795
4707
3391
963
2853
1115
1506
1515
1197
409
1987
792
2138
5299
3607
4599
5066
4803
1382
2570
1078
3312
1534
492
1847
1873
5125
1135
468
118
2838
705
683
431
3829
4439
4079
4935
1864
2201
45
3460
243
2521
5132
4355
3198
4820
1870
2960
2917
1952
1970
3443
4106
3201
666
3424
4757
5330
4158
5241
4636
2692
1320
3089
3502
4954
2031
5338
1149
3316
1217
4153
1938
4390
1922
2417
3140
1097
2944
2403
762
2086
1157
2534
1003
2451
596
3649
182
2225
913
3965
2772
3621
801
308
1585
1266
2732
3670
2470
3014
2625
2193
1960
2529
138
2770
1935
2714
214
2270
44
2648
1389
3022
121
2122
1908
5234
1865
2903
1103
981
135
2757
333
1469
5213
2645
461
4983
698
5248
1343
5088
1114
4542
3437
1289
3427
4842
2306
1037
4007
1495
2383
5239
1283
2148
4379
4483
3005
444
3957
213
4482
3540
2868
2525
2595
3577
4335
1992
1411
16
3602
589
4596
2500
4574
72
1177
2637
4364
1238
4365
78
51
4885
863
3730
1569
4781
531
771
4641
835
2115
2744
3020
5418
3617
1007
5094
1451
1180
2105
3927
4116
1224
4050
3704
4873
2841
1094
4404
4353
4024
939
3746
4800
2690
4933
4421
1176
2455
4160
2866
3444
2756
5193
4766
3859
4779
4846
5036
86
1570
2666
2851
4572
3988
4289
4814
4909
4142
3761
4354
4447
3420
2865
732
3785
2345
1576
4748
4755
4066
1877
4974
439
4709
2899
137
3063
3254
2515
4481
2140
1783
3717
2740
1787
1593
3330
3119
2473
2895
4668
643
1809
3497
2935
627
4226
3367
3247
3584
3690
3585
1631
4690
4536
933
349
586
4134
4133
2642
4895
2601
776
1774
1943
4261
2863
4519
344
1751
358
554
3541
2273
4166
2120
4155
538
1978
3893
3403
2599
5300
4708
5042
5413
334
3052
415
5189
4549
3055
2715
5398
4082
4904
133
2292
2445
5315
1733
2557
1170
1907
1123
1509
382
3160
3960
4320
3385
320
4197
2008
1507
236
1603
2461
4004
1049
1728
5403
4304
4632
3517
647
1810
1976
1038
2530
4349
654
805
4914
551
2983
4777
763
1524
4347
1488
2112
3114
3129
773
1964
4409
253
4031
2268
5067
2796
281
2453
1390
3703
4076
2813
2452
156
3671
4280
3074
434
4086
5421
494
4645
867
4135
5069
4659
752
715
3905
4705
4214
5417
1061
3333
1551
5060
2356
4413
4400
2646
4469
2236
2655
1120
3378
2160
2842
325
1578
811
1080
102
2719
3045
4477
242
2592
5097
1611
2804
4373
5049
4753
3656
5024
1820
1204
2416
1264
1802
5079
3296
3170
5005
2628
2589
432
986
1500
4734
1650
4579
1417
1871
1228
5092
4772
4470
63
581
1772
3768
1519
3409
169
2797
2622
5329
2535
977
4623
3445
3984
1669
4185
1206
3232
1760
3465
3010
3078
2244
1671
3967
5227
3841
2249
2181
1770
370
2496
219
1606
2007
3002
4385
2593
365
4012
2459
572
4660
4859
728
2606
4209
4108
3714
429
4724
4165
4424
377
4510
1457
1926
5016
4332
1725
3732
5118
4291
4360
736
1331
803
2048
757
2878
1227
4201
5245
1885
3756
2493
5237
1095
5350
2498
3021
1501
2635
1706
3691
2041
4145
1792
2556
4538
2119
1192
5328
2024
1203
2184
248
4156
4094
2945
1834
1465
3401
4518
609
3684
5243
2261
1819
4330
573
3806
2805
2139
4923
3233
4848
3887
5246
3144
1005
2153
3211
251
814
3951
606
1043
4487
1223
399
2221
3633
3076
1559
4754
146
4647
4122
1609
707
1360
1543
1066
5313
4096
3557
756
979
2134
1221
3646
343
1259
3560
489
552
832
5078
3683
117
4501
3532
1849
2819
5331
2033
2233
1131
3371
4674
3851
3706
2175
1953
2405
2696
2638
263
4857
4296
4939
3996
262
3722
285
2230
2973
391
5256
5335
1194
469
4448
902
4345
614
3283
3303
2397
4908
1903
2780
3606
966
2677
2752
1851
731
2559
1734
4827
556
4998
4648
5274
4990
5014
2527
1712
4791
1347
3485
3486
1899
2763
2920
813
1636
3729
2318
4735
760
1169
4973
2544
529
404
490
911
4423
4587
4837
4074
4920
209
4077
4887
3348
4617
1077
638
4329
3286
2617
2499
2808
2870
546
3637
5071
1351
54
952
1477
4262
1441
5319
4728
2779
5366
5233
82
4132
786
5173
1363
364
4100
4080
3809
4430
3834
5411
3029
528
3157
4175
1165
5429
2665
2414
770
5200
5223
4863
5179
3138
60
3100
2363
5269
3611
5401
829
958
2832
5086
881
4418
3715
686
693
2171
968
1529
3400
4251
2427
167
1839
1617
1762
4238
3509
4808
4653
2301
1158
697
4014
5102
3177
2828
486
3171
1602
3783
4032
4676
910
1155
950
1625
3896
2038
2605
3909
1678
2858
3188
4170
4194
3446
4960
5327
1496
4828
1891
197
212
1358
3180
1883
1198
3643
1195
4499
2955
2652
2607
3107
357
4303
413
4514
2263
2216
446
1884
168
1868
3248
747
1761
2783
1639
607
4824
2656
4880
4971
995
1517
1270
4242
1717
363
4382
1466
4351
868
5001
3758
1590
2586
4102
1436
3687
5228
1945
3432
3629
3438
530
4751
3538
701
4979
1863
624
5171
4578
632
2522
3496
4972
1383
2596
4410
3423
3358
3191
3537
4860
1514
4773
4654
2219
1196
5044
70
228
3738
4457
3894
3039
560
2480
2136
2750
3515
2675
1668
4899
3095
1265
3195
5111
3974
3661
1641
3176
2114
590
3884
3337
2981
4970
456
1375
2931
485
2197
1439
4084
3698
234
1979
2412
3599
2238
525
4547
1977
3342
5337
1798
4702
2711
3003
3324
3695
2758
1726
3084
714
120
2241
1079
593
4891
2487
2053
3998
5093
1956
1633
4442
5063
2152
88
3987
1942
4689
1836
1063
5280
4900
3442
1408
2266
5166
436
4148
3382
4490
2425
704
482
3879
4801
2857
5361
1087
2093
2827
2464
5119
4915
599
1299
4198
1552
4336
3845
3126
4930
4559
61
4713
116
2371
3533
136
3196
2834
1067
4516
4712
4866
2486
5175
543
2488
4806
822
992
3062
2469
4611
3293
3697
5169
4597
3369
778
4594
4334
794
312
4792
2896
991
726
73
3137
2050
1947
5346
2182
4120
1719
3531
1536
49
1635
5393
3520
3915
521
4829
519
4038
5211
5185
2777
1118
3680
1309
2443
4532
5115
111
2806
578
3471
4236
2962
3500
862
1295
3174
1767
5302
5133
3466
3946
4488
3373
3336
1112
2672
2170
3924
2975
176
384
2401
4202
2015
4468
1392
3073
1258
4322
2169
1107
414
2621
3928
2043
3120
4511
4043
1872
1579
3536
3297
1612
598
2880
171
3634
2223
2276
3054
1801
66
4523
1245
5031
1117
1108
1286
4879
3426
4996
4467
3813
4067
1589
1710
4845
567
790
5177
124
4686
5404
5149
1267
2203
4011
1672
2226
4683
1541
5136
3760
4785
4366
2540
1322
211
1448
406
1667
3942
4247
21
4109
2147
3194
2629
4093
2312
3299
1338
2132
4028
3461
5416
4833
3103
804
140
1303
2790
1152
5352
3067
774
1084
4278
2410
342
4782
3384
3268
4743
2023
3182
1729
3458
3911
1293
1567
3234
1366
4590
1556
4019
5145
1742
3274
5334
3990
5140
4246
1957
387
5199
4489
3332
954
2456
597
3872
3701
158
143
518
3766
4752
3660
5382
1694
3447
1211
872
3271
3258
604
2215
4943
310
915
1415
4369
2332
2057
99
203
77
493
4644
3762
1076
1437
5415
125
2232
636
2477
3018
478
2183
1866
3255
5290
3623
1823
2712
5075
4502
2888
1835
4922
997
1489
3340
4576
3699
4584
2210
936
4528
441
4893
2569
113
3534
5301
2
1738
1793
394
1046
3659
3933
3566
2793
1690
3467
942
1484
1554
3243
1664
2311
2194
1911
750
4420
3955
797
4927
2304
937
3865
5263
3919
2103
929
331
2335
1403
4955
1833
1584
5282
2438
3152
27
2997
128
2156
4964
235
3472
3651
4637
2913
4961
749
4714
4787
3885
588
511
2251
4947
2822
4539
4995
1255
1033
1741
2508
4053
3246
139
2151
630
1607
4125
2609
1422
2667
3321
504
5425
4688
5202
5292
4361
2285
1713
71
3575
4740
2062
3926
1892
641
2800
126
94
4552
487
4834
759
1300
3870
106
4039
4375
746
3411
4758
4815
2240
5285
459
2580
1362
5316
4186
516
1634
3600
3428
513
1133
996
1454
1575
1012
3027
2966
1334
1089
5180
1230
4271
2548
4200
2016
4678
460
104
1148
3640
1284
3292
4556
4348
4699
1053
1160
2328
4621
1980
5104
1213
3819
1666
3880
258
317
3610
3925
189
1824
2415
4826
1364
2847
1511
2389
340
5019
4392
75
380
4513
2723
2404
1731
2697
4314
2387
4061
401
5251
3873
4387
5264
1328
2875
2071
3314
1220
4
4371
5412
3331
1369
5053
5198
580
56
2722
3007
5266
4657
4527
2547
2049
4052
1583
3379
3669
392
4401
4537
5101
3650
2663
1028
1897
4318
1516
4874
703
2624
2042
2224
3734
2923
3940
694
808
2517
4343
1997
204
5426
1142
1628
1894
3402
4847
2131
470
2180
1085
5000
2262
3448
3133
3565
3480
1332
5025
3122
3009
2824
3644
62
3652
4642
1102
5392
4981
851
3282
452
559
943
1241
3270
2303
1325
1817
443
2257
1445
4856
3154
4232
1689
3811
2598
3000
327
916
3040
4938
2998
5235
3979
926
2506
1856
1388
4128
956
4607
2497
3792
4098
2051
2511
1879
4841
4851
225
4889
5252
591
1018
4867
2059
1189
2518
1958
3011
1307
5157
733
861
4639
940
5390
2172
1416
3759
3202
1319
2754
886
3902
2165
983
2630
4854
3764
2791
35
1398
2406
1708
985
2077
4491
5217
955
2293
4249
2616
3150
5388
3636
971
374
4277
1475
1560
458
216
2061
899
40
1889
2034
3474
4357
3031
3971
807
4855
4962
1948
2319
3674
699
1240
1553
2859
577
4437
3508
97
4790
2929
1105
4406
1752
5205
2563
3791
445
2893
1826
353
3414
2798
5414
499
729
5062
4393
272
2317
1840
1262
5394
4110
3381
2036
901
3156
5420
1144
4388
433
1968
3145
810
3319
2568
1377
2434
1373
1104
244
2584
959
843
1974
3249
672
1988
802
2760
2350
5260
1239
3184
4600
4415
3765
3904
2040
8
2693
3159
4716
4928
2361
360
1601
177
3189
2786
2075
4461
239
1229
2660
1342
4739
2080
4183
2288
4667
1797
1881
3964
5312
1720
14
2615
419
4146
3727
924
3645
5229
1822
2988
1537
3388
1036
5287
1349
505
2985
3923
3567
1665
2924
4268
3308
1399
2686
4479
3800
3985
3898
3716
3518
3989
1580
2467
1121
4064
1359
4550
5120
129
1655
5161
1110
5218
3244
874
626
2428
4744
1756
3305
1387
2717
3524
5146
2154
2902
4825
3422
1673
5410
4813
4484
4558
1588
5195
2826
5353
132
2897
1572
1917
147
3790
1782
3162
2553
3823
2562
945
1126
615
448
1679
569
791
1455
2546
4522
1608
1765
4512
315
4830
4362
1083
2932
2815
3615
3539
4001
87
4412
1473
3284
1256
5419
5378
2248
5428
5286
1384
2054
1248
522
2253
5015
6
5168
4978
2583
882
4618
2554
3735
1474
245
2743
2158
4069
2068
2359
3973
4823
3203
4816
880
2837
3421
5006
4216
4982
4613
2561
3151
3413
2687
1106
2294
891
3143
4638
548
5423
3349
655
1745
3535
2102
3294
1842
1025
2918
4507
3186
4333
4869
5221
4953
3857
4681
2587
2661
976
2654
2374
4989
5203
2423
2724
2439
3608
1016
3999
92
26
488
3019
4417
1800
723
4060
4311
166
2347
3620
5395
602
1893
5027
4554
4208
1813
1468
366
2020
59
1361
4422
3718
5208
1039
1599
3365
1971
3694
4795
1252
922
665
4405
3725
5308
2214
2429
1174
2542
178
2871
4427
2734
2011
3780
2126
972
524
383
5037
1072
155
4517
1380
1697
4742
2603
284
658
442
5087
2029
336
3830
2991
4356
2792
4965
5265
5061
5281
3117
1261
2380
2204
4042
671
2097
2284
5381
1696
1586
3041
5182
706
1329
43
5096
4985
4529
3181
2653
534
3006
3917
2349
3
3335
4685
3415
4544
3350
4875
4377
4063
4191
2978
1181
4881
3728
2352
1130
5167
1803
4010
1116
3576
4193
3550
4616
2765
2094
2626
2357
3200
4871
1045
1014
2342
2017
2289
3023
2532
5080
4966
2509
4581
3318
1936
2986
2873
4807
4494
1542
3213
4021
795
2524
2291
3639
3434
4924
2159
2145
3705
2446
1493
2458
4910
4986
3773
4669
2959
4030
4257
2409
5050
2972
4718
1407
4821
1990
4585
4818
4239
154
1042
91
4493
1093
1539
1122
1830
3259
4458
5054
3226
4901
2256
3197
268
796
1207
4104
5377
4984
549
3435
1862
806
4358
350
3913
329
3968
999
484
498
3922
5139
2283
3069
2572
1915
4386
1200
2721
3131
2916
3357
962
2958
4691
4341
3488
2704
3833
908
2874
5400
205
3751
3920
1933
2727
1875
1150
388
3431
1993
2730
4107
2287
3383
4449
3570
619
4312
3495
2070
2708
1600
888
3462
1985
2313
2571
4078
2764
2298
4119
5131
1702
1225
3544
4717
2947
4141
3060
1274
4760
2026
3753
1162
3024
3429
3375
2937
2907
2079
3676
1337
2384
777
3363
743
1651
3779
1963
1747
4658
2060
5216
410
1485
2594
1991
4204
4703
3043
961
4127
503
1246
163
265
3008
919
4138
4136
1371
4692
5160
5164
897
4917
2336
3597
667
5204
3199
2943
2089
702
1275
1492
2358
271
2623
975
785
3696
2325
3952
5187
858
4693
3982
2337
628
3588
2369
1816
678
1099
2187
2814
108
5064
3561
2082
4902
3808
561
4352
5090
1161
1222
1715
4614
1305
2910
1844
4897
800
3482
1622
2573
4533
748
4319
3657
3374
191
2886
2739
1141
2208
1785
2802
4057
4652
848
455
1119
583
2602
3929
1595
3972
2166
1981
4276
3390
3070
3229
610
2316
4432
15
3025
4626
1179
1932
2098
4008
3153
299
1452
2092
5424
3393
3910
1790
4235
3763
2161
3547
1232
3224
2127
454
2579
5273
2450
3492
3301
827
3166
2228
1869
4945
938
144
5109
314
4629
5107
2035
2101
4521
3206
3410
5052
1512
4411
3549
2095
3267
1263
172
4784
4097
871
3799
2442
711
1100
1109
4131
4534
2047
5197
1064
95
4988
2286
1026
3888
5165
5135
1646
1905
4796
1297
1659
3456
2681
4882
3179
3004
2124
1111
5226
2435
202
1091
649
4778
1736
3781
2889
4589
2649
579
3479
222
845
1324
5029
2618
13
1781
1190
4215
405
224
3939
2942
4934
1052
352
2707
1030
3961
4959
4378
2611
2149
3748
105
4566
5321
857
4926
618
2993
5368
198
696
3281
3712
4738
594
4081
1054
2390
765
3016
2113
2155
905
4595
1928
4147
2504
3777
5147
3347
1557
3937
1983
4397
4844
2640
5374
3692
5345
195
1676
605
912
4295
3918
3875
3178
537
1464
2314
5143
1143
326
3285
2274
844
2662
4308
2309
613
3731
4633
1564
5309
463
1821
993
4464
3618
2591
5293
3986
3689
4177
3824
328
4326
2678
2879
4666
1707
2849
1498
76
5159
2512
860
3512
250
381
1592
4858
3895
2195
1882
2726
5422
1499
2254
4736
3750
4634
5349
3167
2485
3204
1916
2189
4026
2243
1035
423
1527
2751
4016
846
1764
3235
4302
4749
1354
2418
512
321
1182
564
1563
4440
2729
1973
4441
669
3569
5303
1013
3433
5389
1860
3831
2295
3380
3630
3475
4697
5124
81
3272
4168
973
1913
1060
84
2776
4876
3408
2065
3556
1827
4485
471
5033
1513
4838
2085
2976
2965
3012
2005
3812
42
3719
183
3230
3302
4797
134
266
2821
3109
1604
240
2272
3065
1925
4894
3155
37
475
4496
1692
418
1011
3804
2391
389
2519
31
3890
5342
2914
4150
4474
3328
3817
875
859
4531
393
1426
2407
1247
3574
3087
1594
1758
4253
3307
304
3265
4919
217
4503
4780
4492
4255
1902
894
3878
2753
4575
1073
1234
2531
109
3047
5004
4725
3300
4701
1597
4310
4673
1460
5279
1769
4085
4883
2296
2128
4622
3169
3225
3317
4173
753
4317
1930
2437
3844
3818
5178
2282
1906
2650
4112
4925
3193
3085
119
3315
4359
1643
1051
3081
5289
1219
4221
2566
249
4264
3115
4149
5141
3351
2597
4152
5271
402
4700
3026
1386
4850
5022
4275
3135
2673
3752
5336
1841
4546
793
2121
4861
909
3934
4535
290
1661
1476
3891
3463
464
5130
2657
4115
1400
1744
2643
2177
4798
4952
2494
1568
36
4402
906
467
46
3526
4994
1999
2745
4265
4706
2807
193
462
2510
3835
2755
2644
3360
3345
2222
1128
1163
2523
2188
769
2921
1613
1402
4958
1674
101
1623
4640
3664
3655
4324
2006
920
2912
2454
2213
5371
3677
3876
2651
1642
4804
1440
4298
1254
181
4890
2419
1921
5176
3938
3289
1497
3464
4383
29
946
5209
3861
1526
256
1253
2823
948
3863
4272
2073
229
533
5323
5172
83
1776
2536
2766
4601
900
5367
2996
4663
2632
4548
1789
3673
2479
935
4812
2854
1825
4562
2259
11
1243
4037
629
3096
836
4977
5210
2381
3867
1649
3769
3473
316
3320
2465
2264
1714
921
873
4130
4075
2905
257
4000
3240
477
4163
2684
5219
4211
1438
695
3548
2543
3801
3207
5152
3227
4344
4912
3501
1216
5324
2552
161
1975
5206
878
3441
951
1235
2761
5184
5247
2118
1333
1345
4233
4399
1405
780
1890
3476
1934
3892
2881
640
1479
152
4783
4338
2025
1294
758
1699
79
2634
4327
2980
3499
4788
3816
5081
576
2829
2731
5212
165
5341
435
1780
816
2012
93
4948
5261
3364
1538
4940
5259
3793
3080
4068
3757
4865
3786
3134
4907
677
361
4459
595
4963
767
2310
4662
4877
1680
3959
1624
4624
1855
4849
3222
427
5007
2375
5126
289
5032
2619
2741
5065
2904
5215
4099
1687
4022
3173
5072
5409
889
2402
5002
5270
1433
4374
1021
1044
3798
1627
3614
2176
1966
287
4486
4151
2433
2196
2949
742
4346
57
2220
3341
1029
305
3266
481
4520
1031
1419
4892
3313
148
298
1748
4635
1070
1482
720
2964
4376
3883
2168
3527
324
865
3036
4223
1040
817
5009
1356
3278
3329
725
22
274
90
5083
280
853
3836
3558
2110
799
38
687
2013
2736
1727
2058
1805
2933
1427
1961
741
3854
233
3632
557
480
4222
2803
5188
3459
403
3956
1444
3522
270
5225
1996
3542
854
4023
127
3916
3132
3419
246
2961
3015
3030
566
5291
4619
1808
2330
2091
3868
4771
4582
3681
783
5380
4603
990
2100
2424
1353
4862
1000
2150
1950
2785
4944
2720
3945
1555
3525
1041
4033
2278
412
259
1281
1670
1698
2887
1739
4403
1233
3983
5272
1829
1367
4946
4741
1020
3082
4172
2953
4604
3573
3123
1280
2028
3449
1306
4598
890
2718
4670
1461
3774
3598
1113
3221
2856
1409
3948
1848
2143
831
3439
2163
98
1413
159
2386
4786
623
674
1843
3603
2056
4500
3625
717
879
681
1982
4228
4577
208
4872
2055
3034
4504
3737
5114
2106
4656
424
1753
3386
1017
1778
969
3493
5402
1050
3136
4285
1350
4730
2379
1391
928
283
5051
842
1001
1723
2836
4307
1251
1904
296
2382
421
2468
2984
1019
3516
3582
1372
5369
223
3947
2323
1172
4062
3700
4956
4745
2926
2090
3666
2081
3970
949
5386
4171
4671
2046
2277
1381
3250
1540
4675
1621
4852
4267
1244
4980
2659
2689
1632
4853
1647
2771
5158
1644
4269
2315
833
339
5043
5056
3216
964
3209
457
930
2167
1166
5351
5008
2202
192
4398
4655
1616
2207
4435
2894
2565
483
2490
3061
5134
5375
3510
668
3511
3172
3279
145
5310
3889
2460
64
2364
3736
620
4182
555
4157
4144
1145
3862
3519
1308
5288
4089
4564
4305
3454
1481
3334
5362
497
2348
3672
2533
4088
2271
3877
3997
3869
4651
4453
1313
4300
3343
1701
3912
2341
5267
55
4154
2045
4129
4822
2205
3477
1459
4176
4931
386
3943
4045
2702
3215
2787
4454
540
1845
3709
5046
1955
2185
2699
1173
2191
3163
2344
3587
3941
1059
3146
2421
2308
1285
1446
527
3795
4137
306
1533
787
279
2198
479
1412
3789
1191
4396
1718
4723
923
1657
2107
1683
123
103
4677
2327
3158
3183
4694
4207
1199
5277
2737
3635
1914
5257
3079
3487
3309
1318
1740
5236
2377
1418
2320
4429
4438
5283
3187
788
2501
5333
536
237
4340
4297
2614
2354
4059
3396
1965
2516
4117
4189
5387
4248
4054
2463
1503
4090
601
2199
1090
3075
2004
3810
621
2749
2087
1183
2844
2713
1691
3118
194
4443
411
3514
3164
5320
3290
600
3596
2700
4431
5059
162
510
1815
2683
4205
2431
2385
2239
2133
4034
2891
4567
2703
4370
3044
2919
4274
188
5017
834
2408
3470
4679
3839
3236
523
275
3141
2968
3108
3702
89
378
2192
187
5123
3740
688
1724
3980
2247
1732
3346
260
3530
2489
932
2063
2979
2982
4027
5224
3613
812
3682
3228
39
2507
5325
153
4058
4475
5153
5332
3930
582
772
5012
3612
927
735
4121
2457
3490
3852
3906
3663
3354
2252
4394
5070
5035
1397
5348
2109
1768
160
261
1794
639
883
2436
716
3953
5396
982
5364
4541
3797
745
247
96
3901
2396
227
1081
4884
2906
3125
3571
3897
1151
4835
818
3291
5365
4213
5095
4767
3821
2399
1618
4936
254
430
341
3562
1310
2631
2388
5238
887
297
395
5344
4339
5190
52
2392
3498
1531
2864
1755
3555
3720
1653
3338
465
917
2869
1429
4545
3551
4763
206
2716
5021
2190
3580
1510
5116
4047
1874
2014
4350
4048
1886
4661
4049
4020
520
2928
1146
5376
1571
5192
53
4436
682
830
2669
4906
539
1047
3827
825
4878
1379
3038
3478
264
775
4240
2338
348
3578
3506
3741
1832
5020
2280
4911
2441
1153
1558
2334
2781
547
5151
2848
2269
1505
367
1278
2099
23
3099
3976
1447
3921
3306
1330
2977
373
3507
3807
633
2502
1171
4646
1682
3124
473
2144
2994
2839
4055
1088
2398
506
660
570
839
3721
3847
1598
3412
4526
2370
2129
3394
4563
4072
4389
616
1896
967
2032
1962
3241
1065
2326
32
815
2759
3387
359
1140
1048
4192
3325
1326
2104
4805
210
676
1470
3647
1137
2440
1314
3372
173
3356
3088
1472
2492
3794
4196
5023
41
4017
3032
4101
4159
3037
1302
3529
4287
4608
2747
1951
4450
1549
500
1032
3237
4231
1164
2069
3395
368
2825
1675
1773
4568
3276
1432
841
2206
4916
2820
3866
826
200
3127
3376
3662
5183
1291
1420
3581
4244
207
5222
19
1525
2564
3686
5339
4711
754
4181
3563
3149
2462
2877
5196
2200
4259
1086
3192
4342
3257
1995
3724
1129
1456
5355
3483
2302
3995
798
3322
3252
3820
1709
1998
3814
4719
3849
311
1547
5028
3049
3994
998
4684
1315
4819
4591
1034
2927
2513
1127
220
1854
1721
2484
1290
4466
5372
4627
517
2934
1425
1581
3822
5110
5058
252
1918
74
2258
5163
5278
2941
4292
1754
4391
3453
4555
2728
3113
821
5383
4315
823
1939
1434
1458
4727
3521
1450
4573
4932
1147
1055
3481
2892
3723
2009
3417
2362
4580
2578
2860
4583
428
1640
1096
2021
4505
5142
657
80
3311
2084
1591
1312
4631
107
526
277
5085
1535
5358
4610
4433
2365
903
2956
789
4029
4840
2840
885
1156
2346
4913
1561
2083
3310
3110
3148
1927
491
466
3260
4832
2432
5099
571
400
5082
1453
3083
1136
1006
3776
931
1186
2372
3855
1757
1462
2940
34
4831
652
4543
1075
2575
4896
201
5018
4040
4497
1480
9
2212
1341
2227
2321
4905
24
5039
1311
2911
1218
970
291
5048
2794
5397
4473
642
1677
4480
1654
1250
1435
3846
4290
4524
1279
898
2483
5359
1656
2537
1298
3842
4765
4929
2830
740
1242
2265
2096
115
371
4794
3754
4472
3263
3871
1806
437
5201
4083
5057
4776
5045
2179
2963
4414
5268
1923
1735
4384
3139
4759
719
4993
5363
3344
5354
3205
3457
3092
2324
1201
4381
1024
1986
3359
2422
3628
1443
3072
3086
2366
1530
532
631
4950
2117
634
2872
2995
1853
4227
4328
2174
3208
231
4451
3589
1629
2746
1548
3370
2218
3601
2550
1573
3175
4372
142
3220
322
100
3277
5068
5220
4498
5013
1652
646
3288
4229
2333
332
4446
1022
4224
4219
2970
4843
1210
1888
1249
1703
1125
2801
3838
5174
3559
1486
2066
4612
3111
1946
914
4799
3771
4768
980
4041
1685
4288
3185
1023
1074
10
2811
4217
3688
5003
2157
1614
1236
585
4951
709
4687
4245
1838
3787
1931
1352
4987
722
3352
5113
779
440
1393
4942
4036
3747
4937
3553
2810
2600
1365
174
1637
3605
2231
3856
5322
3594
3850
3275
4195
5155
1688
734
4462
420
2001
502
85
4775
5311
2237
3932
2773
3503
5098
3505
3130
2850
4126
4199
1430
5253
3035
396
5148
5297
5041
2339
1401
1062
3353
4174
5100
2636
1442
1779
1944
5254
2679
611
2613
4729
2698
4606
675
2971
838
218
4810
1490
2394
1522
4445
721
4615
1587
587
2135
1414
2795
1807
1068
4530
4234
2990
3050
5128
2925
637
690
1686
3744
2861
112
3638
1763
4628
2447
515
2733
3546
664
4770
3848
18
4733
3667
2581
2989
2898
2076
2833
4188
3105
2688
4293
5244
3886
3077
2044
2789
1491
4056
4114
1188
4299
1139
2639
4179
4465
303
4976
2710
978
2701
4005
3950
1226
1478
1596
5307
5405
5340
5407
680
1335
1404
1272
689
3826
3389
362
1791
1828
3552
4111
5122
3326
1304
4968
1
390
5191
3586
3287
1700
4416
4167
4337
1898
4732
1704
755
2037
346
294
1804
3121
5317
2466
1858
575
2393
3513
4118
4095
3223
313
5106
3641
3097
3059
5408
724
3992
3416
713
4508
3591
1316
2478
4761
4774
3543
987
3048
4586
2186
4190
2627
1730
3832
238
784
1859
5430
1972
5357
1185
4975
2475
5112
5249
1257
3407
1831
4864
3468
50
1027
4256
450
5295
2706
199
3693
1619
1737
3678
5294
3484
1900
4368
3853
4015
255
2078
2604
4162
4540
4762
3053
876
3523
3098
398
230
3377
2938
3966
925
3707
3592
3093
3991
323
3256
476
4460
3404
2549
4793
2400
4789
739
2867
4949
761
4593
1010
3648
3907
1695
2003
186
4506
828
1796
3068
1502
565
1929
864
5105
4025
1920
947
2229
1004
1167
1887
2378
3899
1134
1212
4811
2074
2420
292
4263
4254
3739
3298
3778
3908
3058
4551
2778
766
302
2019
895
1292
4070
175
5385
453
612
1268
4006
603
1277
2108
1327
4252
4306
988
563
1582
4002
2682
3788
653
1937
3295
4164
4698
2775
662
625
1901
2299
3042
5
837
5011
2574
2590
1406
4764
2884
1260
4367
4250
65
3212
1421
2351
1895
4463
3653
2355
2373
1786
768
656
3368
960
1056
3398
1711
1626
1368
1296
472
2999
2297
673
2368
1336
1378
5186
4756
3494
1092
3958
1504
3071
4476
1015
2809
849
3242
5091
2709
1545
4003
574
4680
1288
1395
2620
1058
2685
3796
3775
3619
866
300
3440
2567
5154
5240
5230
3001
1467
4309
1837
2178
4588
3903
2992
3568
1577
907
5326
1069
2957
1861
2234
4092
1788
904
2817
1550
1775
2331
3805
1743
5170
2162
3554
965
267
1662
1463
1193
5232
4625
4044
856
309
4886
3931
376
4455
744
438
3450
4836
5074
4444
684
426
3708
4321
4419
1483
1208
3654
4560
2290
1750
4695
2936
301
737
4169
4203
2474
369
2367
2987
2705
5262
3253
3944
2481
232
1615
2774
1941
1521
2788
1663
5250
5038
5304
2725
659
4243
893
3969
7
4323
1812
141
4553
2641
4682
4428
5108
3745
4898
2633
30
1340
3978
1749
2694
5373
3874
3056
4283
2376
3858
5089
4802
288
4225
1565
3231
2413
5156
4868
5305
558
180
2246
67
3273
3090
2545
5103
4013
852
2885
4569
2211
5138
2946
1301
2555
3051
509
4722
2658
2072
892
1746
338
934
3405
4967
3339
4105
3802
28
1867
2449
114
4273
4113
2360
196
712
3627
5258
5406
351
4218
2141
953
3161
4478
1630
4260
3504
3881
4051
918
4313
3094
151
1202
2748
2930
824
809
4620
989
1969
449
4650
3595
4380
3436
241
5207
3392
896
4672
855
1357
1878
3604
3900
5181
221
2558
5399
1002
3013
3564
12
764
2862
3828
48
1876
3168
1071
5298
718
5275
1705
4091
1344
2954
4237
2503
33
3046
2164
5296
330
4571
2242
3981
307
4726
1428
4452
1214
3993
2674
2137
870
1348
3304
1209
20
3658
1532
2735
3066
3770
1205
4046
5427
3362
3112
2142
3469
648
3106
4870
4809
2551
2482
3815
5121
1471
4992
5214
157
69
5242
5194
1544
3742
1610
3451
3397
751
3323
1321
379
1814
3262
179
58
4161
869
1716
4969
1940
131
1276
3837
1919
4220
2560
3057
4139
5284
1098
4557
1605
4565
1287
4731
1912
1546
1008
3665
4103
1215
4746
1339
2052
2067
1178
2668
5347
385
4957
2255
2528
2691
700
4525
3860
293
820
3102
4592
5076
4704
3843
2948
2818
670
2130
4270
2260
1269
1566
4073
2969
2799
1237
5129
3218
4630
3936
2831
4721
4605
4124
1909
1508
1431
2909
4123
2395
372
2279
2647
3064
5137
1574
1818
1857
2664
4750
2125
5379
2695
1984
286
2671
4715
5127
4903
2300
3668
3579
416
5384
495
1799
170
4941
5026
408
1684
1645
2782
651
592
3269
5318
2843
3782
4602
4918
1132
3430
3425
2670
2305
2610
974
2217
1638
318
3626
2890
691
2582
3491
1394
4395
1949
3028
1154
4143
4301
941
5117
2835
276
2541
347
2235
1518
451
2491
3455
4281
4434
840
2307
3749
3679
4561
4408
2852
3767
4495
1994
2876
2680
2767
2250
661
710
2281
4178
2738
1009
3214
727
4241
4839
1282
3528
1771
3803
447
1494
4643
819
3261
1184
1175
4456
501
708
2967
850
2353
3165
190
2950
3609
2116
5144
4407
1693
4206
3142
3583
47
3238
397
617
345
273
542
1159
2173
4696
663
545
645
2111
738
644
1168
2146
541
1910
984
5255
4286
130
3935
1722
3361
2816
3327
184
1620
5150
3101
1271
4363
4266
4710
1954
4018
122
4426
4210
4888
3962
422
25
2908
2064
2329
4140
1424
2209
1959
3091
1273
4737
4570
2123
1101
2514
2245
3355
1967
4425
4991
2267
2526
3219
1811
5034
215
3977
3954
3675
3545
4184
5077
3711
4471
185
553
282
584
608
2846
149
3733
508
685
5391
295
781
337
782
4921
2974
5055
3616
3366
3245
2900
4316
3622
425
4009
4649
2784
877
1231
2539
5040
4258
679
1777
375
4999
2340
2476
3147
1924
474
2882
1057
4180
3489
507
3033
2883
1385
1520
2855
335
4187
1138
2769
4065
730
884
1317
496
4279
1989
2585
4609
2505
2002
2576
4325
3840
4282
2322
5162
5370
1370
3642
3882
2039
650
2495
3975
3104
2952
355
17
1323
3217
1766
164
514
3399
2676
110
944
1660
4212
3418
2022
2000
3743
1528
3784
3726
622
3963
1082
994
3406
2430
1648
847
150
3772
68
3624
5356
4720
5084
4035
2901
5306
2812
2030
1759
1658
4515
2448
417
544
3239
4769
1852
3713
3190
1880
3452
2768
3251
2939
4294
4665
957
2762
2538
1784
5360
2951
4509
3210
2275
2608
278
1846
2471
1523
1681
2588
2845
5047
2520
2922
319
4071
5314
2612
1376
4230
3264
568
562
1410
4817
2027
407
3593
2088
2411
3116
2472
2343
3631
3949
3128
3280
1487
2742
