3325
2768
2491
13
52
296
835
3018
962
1899
2093
1348
1665
1716
65
321
1814
702
2529
1197
1999
2152
2982
916
747
755
3046
1856
2471
2728
2694
753
2277
758
689
2187
725
2289
2030
1634
3047
751
2659
672
2892
2042
506
458
936
501
1472
3227
2300
3067
1548
341
2884
1153
2699
2124
256
1359
3143
1945
1207
531
2427
2096
379
3055
2509
384
1439
325
2739
1118
2419
1194
1697
1206
2344
799
167
438
2370
2312
897
160
2755
1575
1160
148
2142
2437
3098
3255
1241
811
1577
464
2347
1851
279
407
769
534
2198
3010
2448
1657
1735
2094
28
1850
3004
209
2025
2570
1280
322
3237
486
246
3151
2228
78
566
1623
2138
2082
51
3300
1141
112
739
1144
2206
2238
3005
377
25
2802
1633
208
1146
3217
248
1991
3316
3198
184
3308
367
679
1754
1644
3298
565
2036
937
781
1944
1983
1929
818
425
1889
2912
227
2518
1123
2717
2825
1463
2104
2775
1518
3111
2087
879
2904
1885
2421
2561
3173
1192
1473
2658
1415
3023
2944
410
1717
323
523
2424
399
572
2853
1317
1368
2554
2777
1172
3266
397
908
2599
3319
2385
311
704
2531
1844
2863
2251
1308
2332
1559
1749
1021
3040
1520
2395
2640
929
3149
3199
1140
428
3017
1222
922
1602
72
1505
3242
1430
1220
1032
2619
2320
677
1969
2476
2006
3267
1760
1168
1797
3050
2473
650
1475
2965
806
163
2223
543
1424
2908
2989
3180
1959
1604
3262
2365
1906
360
291
2048
121
2481
137
3015
1210
596
641
1926
1863
1618
2975
3129
47
2497
1229
1061
2412
1476
860
2667
3222
795
1283
1615
2026
3290
88
2528
752
2496
1382
2010
1405
896
1779
304
978
2661
1111
16
1232
1712
1574
1461
1943
1369
2246
3034
3119
1262
2676
2521
2201
2394
2467
2562
2746
66
558
2757
1590
675
2539
2765
2089
2796
2263
2818
1933
2922
2900
2971
3293
3318
1086
728
418
1164
2212
3320
180
1115
2483
218
345
551
974
2542
554
1125
1641
3045
997
386
2573
1558
2503
2877
2856
1708
633
2338
2389
352
1483
2383
709
2214
2679
1239
2928
817
1484
967
1126
1965
2244
852
2162
837
780
2602
2591
1495
3313
2935
2182
1391
790
1875
1544
3052
2887
1384
2059
1516
2047
3080
295
3033
3287
2024
1390
3057
1416
611
68
2369
2109
1078
2454
2557
302
579
1013
294
2833
1761
721
638
3284
546
1313
605
441
38
32
928
2517
1630
655
2943
1218
2018
136
2478
305
2477
1388
2800
1290
150
1571
3178
2274
1752
1372
2536
1713
381
949
1931
1303
1098
97
2282
1315
1444
2144
1800
2626
306
2849
1339
713
492
2806
1836
481
508
3275
913
1072
3303
2078
1178
877
247
2622
1682
1778
104
2551
1179
1203
1839
1882
1854
3194
1334
2759
1553
3016
1389
1395
453
996
2250
1401
272
1642
309
1080
2609
2819
767
2732
1042
2114
1031
3135
2140
1150
2891
261
2634
2687
635
1324
1678
1264
1402
3230
1361
411
129
2482
1924
901
395
1349
2824
122
690
3115
183
2593
2618
2193
882
2956
1376
433
3027
1261
3148
1620
2798
358
1631
1419
615
583
3158
217
1453
1196
1066
674
2224
285
1534
452
463
2248
156
1812
1897
2315
1903
3107
1663
1170
1601
1214
1808
2296
340
659
1009
245
950
1600
2043
80
3240
3218
375
547
2329
2090
2200
656
1946
966
2235
2413
2318
175
99
1299
1525
1900
366
3155
840
1828
423
3100
3250
356
229
564
2594
2474
3294
610
1599
2506
833
3278
921
382
2240
1848
273
1070
2399
2843
2689
2847
326
1639
2845
2624
194
12
539
2149
1455
2508
1606
317
1974
2393
2253
2103
2727
2644
603
1842
2543
2441
331
240
2829
2345
1732
2682
2356
2601
2436
2548
1458
1560
2113
906
3253
29
766
2641
776
2938
1521
953
1397
434
2868
931
2161
484
1643
2440
1105
3251
2066
1699
1910
1085
2964
2008
1287
3102
2171
2005
1881
1532
1113
332
722
2423
687
1566
1759
2592
106
2100
1451
1683
2377
1265
319
2314
1185
2342
870
2054
2734
1090
6
186
1025
2897
2183
1422
232
694
2948
590
3281
2131
76
134
1417
1161
2638
2355
1058
2373
2805
735
1625
2776
1294
1535
123
2221
532
2141
2321
803
1142
1528
371
2136
2955
1739
201
2804
251
892
26
259
1184
2883
925
1038
1320
283
1028
250
307
2021
3310
1272
2911
1385
93
61
2937
2803
522
235
1824
3322
1173
2305
1464
82
1209
2348
1890
2952
2185
1250
2002
335
3030
2045
1533
2439
1152
2713
369
1166
940
1873
140
126
563
1940
161
731
213
2837
526
21
461
252
2693
2550
3224
2652
2963
582
2020
1619
243
1036
1500
1591
2016
708
2063
3323
742
2534
2068
1297
2340
2147
3186
37
57
168
1786
221
1048
2587
2520
2325
2581
2173
3259
3312
951
1986
2958
2855
1044
3060
712
2380
2160
210
2907
3307
2374
970
2563
832
934
187
2996
3220
2386
190
2788
623
2397
1564
775
965
515
976
1271
2596
1927
2264
2657
2351
1789
439
1018
328
2259
959
1667
1783
2335
2541
117
1874
2545
2899
1932
3272
2990
1562
3273
2861
146
1582
265
2743
2108
40
1979
239
1269
1198
2452
1997
2817
3078
789
1662
349
2199
2635
3077
969
1109
2265
869
2678
2207
1737
1311
496
2932
2547
2489
2256
1139
2538
153
1252
1431
1187
1879
132
2974
793
2255
2405
867
632
2037
814
1122
2297
919
1174
3311
3089
796
1833
1817
487
491
912
2988
1791
108
89
242
1948
1594
591
1950
630
1302
2117
200
2051
1288
1035
612
1941
1746
2880
698
1860
2511
1962
3213
646
1087
420
2920
1191
600
1370
1016
3157
2762
1279
644
771
238
604
1822
3182
1293
1421
2919
1645
3128
2894
1100
2460
807
362
267
1081
162
3117
3228
1336
2137
1790
2304
661
943
394
437
1231
1482
446
748
1609
2130
3170
2939
159
1978
1938
1614
135
946
1426
314
2330
1285
1103
2181
1901
527
2311
69
3202
44
347
2391
2343
2828
1437
2299
533
2375
493
1724
370
1585
1785
1478
226
2435
2463
1782
3086
1757
2558
2959
45
2339
1859
1496
244
1795
2574
3000
2487
1427
2866
2878
884
512
883
2585
3108
2984
1792
2715
376
815
1446
857
1300
2323
2056
3056
737
2384
874
1845
2499
3175
1147
2407
1325
350
2836
1957
3118
1292
1340
2921
196
3268
3126
3282
2
1133
1502
1260
2918
2196
143
373
2579
648
234
2838
1987
2502
1039
3174
2675
842
2057
96
613
3269
2270
3031
987
1692
2663
1056
2260
2027
1119
1624
801
1636
2665
282
429
494
2058
189
2464
2564
55
2811
636
1818
2229
2794
3124
2073
1420
2707
1201
182
2630
2408
220
3041
230
2969
1747
2209
195
1543
2129
926
3235
3006
2446
1584
2429
849
1121
19
2234
567
2580
917
2708
1751
2034
1507
50
2590
4
2102
1884
736
2019
1727
128
389
185
151
432
1434
1190
2793
2772
2269
1
154
2972
262
1357
2039
348
2459
2291
1921
1954
402
1529
403
732
83
2205
2864
2516
1244
2387
1346
2957
1480
1919
1526
692
1569
3122
292
2812
999
530
1094
624
2840
300
1011
1274
2515
805
1064
1780
3049
930
1830
663
2126
3204
584
3029
1504
412
843
1189
1605
212
489
74
3168
2392
520
2905
73
2639
2752
1862
2929
1309
1998
2566
1994
1006
211
1200
778
3177
1580
682
1410
172
1939
2033
1825
2119
378
1457
680
127
2376
414
1149
907
1857
3116
2353
847
1617
2750
1020
2011
537
1267
2778
2158
1447
67
2736
415
1711
2970
727
2498
313
2839
2188
387
1338
1765
3324
1766
2110
249
1396
1902
1912
3064
846
854
467
3150
1247
2933
2942
1456
1646
2128
1169
3160
561
1278
2710
1138
2565
334
2216
651
2532
2890
2062
2991
3176
119
231
1576
2357
393
199
3226
1462
354
2361
2906
2903
699
841
2873
3084
1491
1579
1295
114
1003
2210
1961
10
1676
197
1059
2987
2208
8
2431
2737
1254
372
666
1428
2842
945
1690
3206
2960
3258
2041
1740
1733
559
2453
1433
2004
1511
873
204
398
1442
2390
1674
3147
853
2704
1775
1503
980
2595
2628
1380
1876
580
1398
1777
351
1745
207
1106
361
2669
2445
2993
2525
2575
1981
1589
2589
2914
1318
3233
2231
1245
2352
798
1171
2472
2764
628
1316
2700
2733
1266
1951
1547
1546
2372
1677
703
2670
2148
626
2608
90
2366
1539
2143
2468
1922
1378
1914
2118
1738
1156
455
1242
1581
827
479
2121
968
516
1964
938
524
1326
1481
3317
1492
1725
1758
3252
1159
2604
1305
2967
555
643
70
2484
3241
2292
179
298
241
2603
1688
3131
2831
2978
2267
2724
977
2571
2616
2685
1811
954
2053
2150
2998
1489
831
905
392
431
237
851
274
2378
3068
3153
1972
1541
2288
1471
2936
1628
544
706
344
1847
2915
257
2247
54
222
14
2273
2232
3142
3088
2177
2983
1205
2779
84
2040
1907
2808
1696
1253
658
900
998
1787
875
1234
477
1068
2615
421
2910
133
1794
1008
861
1248
1089
374
3134
2134
2549
2112
607
541
1314
602
1771
385
1202
1743
1394
1555
1240
2947
1323
1224
286
1916
1913
2882
1097
1513
592
2505
3132
2949
2706
887
3141
173
98
2071
3243
125
22
1406
1653
192
2219
2211
2688
829
1257
1182
529
2692
750
2326
449
206
2461
1367
2258
1923
3159
9
2443
2000
31
2003
1268
413
1668
1306
2524
1362
3007
511
2953
3315
3095
445
498
1598
1490
1572
2236
1689
342
608
1128
2820
2745
973
1466
1237
724
864
3090
3021
1468
1411
1381
1436
2488
1915
2493
1154
400
3076
270
560
760
1281
2999
2485
2544
788
1772
759
1301
1829
2226
271
2086
488
1366
902
1877
1838
1691
2607
652
1827
1155
757
1236
293
3289
2261
710
503
3145
1831
2926
1726
2097
3196
1045
764
885
3156
2577
956
3212
436
130
2382
1666
593
932
794
2067
2415
783
111
1801
3185
2527
2992
2379
693
881
1004
1497
700
3192
2582
848
1136
2079
2822
3299
2686
619
462
2973
1477
1551
617
1971
2032
3121
3144
1993
3085
2310
545
2381
2815
3184
3020
3079
1687
2653
1493
2664
1784
1199
1989
1062
1652
1289
35
1143
1211
571
2426
2154
409
1586
1675
1742
2875
1763
2462
364
1002
1114
2721
2625
2133
2418
2791
1537
1960
683
719
2846
1809
2662
1949
2286
482
203
2994
1498
1603
1720
3087
1284
2035
422
2157
2368
64
920
1953
1736
1886
2434
2175
2172
667
2450
1542
1935
165
2519
2951
1005
2576
1798
2966
792
1810
2455
1793
3028
1033
889
894
500
2362
723
149
668
2151
3038
3197
2886
1561
1445
3062
3152
657
1632
2178
3205
113
3223
839
404
2695
1077
1034
2322
1270
597
1499
627
473
59
2163
2049
1867
1474
2336
3276
2346
1112
3297
2337
813
726
1660
2540
1251
2787
3074
1107
2092
1088
1764
3058
1963
1723
1540
1030
1307
3014
3127
521
1701
2844
1132
910
3211
2028
139
2457
1984
1225
2643
2701
642
3114
1286
1282
3097
1608
1988
2795
2711
1351
1083
2313
784
2898
3133
1399
2826
1188
102
2916
2396
2714
346
465
2416
2301
3130
718
77
2302
3236
802
1238
457
339
1167
948
1438
2239
478
3022
27
1536
1880
105
958
895
578
2902
24
588
2867
2007
2572
95
3042
1607
3009
898
845
1000
471
1872
1821
1550
2218
2507
3216
2422
2597
2567
1925
1894
3214
1127
2888
3169
357
2309
1805
2430
264
2771
435
1669
2514
701
2979
1788
1815
1371
2649
1719
664
228
1145
1487
2690
46
253
2889
2268
2862
740
15
1486
2328
2851
2769
214
991
2712
923
2069
2645
2722
2080
219
1966
825
2190
518
856
49
2146
990
1383
269
170
255
1967
2814
2621
1441
131
2859
1116
1275
2358
866
86
1341
396
2116
3291
2400
1494
1849
63
1864
2327
1523
2447
224
2334
671
2308
2433
166
804
472
1364
3012
1129
939
2245
2512
1588
20
81
1356
1027
933
2610
3321
2568
738
3203
2797
447
786
2017
2668
3105
820
2293
971
3271
2807
1223
2088
2646
2359
1704
3137
2303
460
535
2184
1917
2720
1012
2215
1227
3265
287
670
1074
2583
468
1135
1587
94
2674
979
456
171
1852
2546
1408
639
3200
2651
2809
865
2606
310
444
3292
1108
1060
2789
1819
223
609
1130
236
629
483
3091
2174
2438
2350
391
2500
2742
3044
1050
1377
872
1273
2465
2276
312
989
2731
1686
79
1592
749
745
3059
3043
1522
1531
536
2923
2331
103
100
1616
1007
2084
1374
202
714
504
2857
3072
2222
2135
3164
3
174
3261
1734
1057
3283
640
3191
1748
155
2934
2569
911
2792
1654
1731
1911
2738
2107
1679
2451
353
836
696
2494
1208
2166
1512
3061
320
838
1409
1258
1626
2298
118
2061
475
2055
1228
1707
2249
3187
3225
2895
1015
2070
2620
2106
2242
1243
2785
828
1871
1904
2766
1883
2075
215
772
2442
2881
3008
324
1840
2535
2924
1026
1936
711
1226
2065
3270
1255
963
56
263
1151
383
2560
1429
2333
1235
830
405
823
1650
1423
1148
3189
2164
2169
2813
3208
2186
1412
1204
779
1263
1134
1710
1345
101
380
1977
1706
1975
647
490
2479
746
1352
3183
2317
733
972
164
1514
2832
684
2284
2834
1054
3070
3162
2816
188
280
1583
2404
1327
2774
2060
1099
505
3136
1055
2156
691
3109
3264
1802
1213
1163
754
2605
2709
495
952
1640
3165
765
1355
1870
774
3190
2170
1928
17
3039
1049
2656
676
2233
3139
2660
1296
3092
1985
1530
2275
2871
2278
2763
466
2729
1826
2254
1767
3193
634
741
576
961
2195
1995
1322
301
109
1082
39
3024
1360
637
2968
3244
1485
888
785
1131
797
3302
3096
62
3065
1565
2925
1659
3232
1041
517
2623
2262
791
258
557
1221
1647
2388
2885
2726
2876
427
800
2909
33
275
1046
756
7
1052
1017
1515
1714
594
625
620
365
686
1259
3123
1014
2122
3325
983
1065
1181
419
337
1023
2893
3274
2194
1333
1358
2294
622
359
2673
2406
809
1700
470
855
595
3239
1110
2167
1479
1363
2654
1076
1865
1595
2324
1175
2081
1373
3215
1629
2510
1568
3277
822
729
2691
2139
1091
2179
343
1869
606
1970
890
1440
621
1157
2552
909
1952
1898
426
957
60
3260
2012
685
1552
2578
299
3112
2962
519
3101
730
2760
2705
697
2371
662
3238
589
450
1982
1344
3081
569
3154
124
2666
277
3013
254
3254
1386
2870
2098
3207
2165
1176
876
181
3083
424
416
1329
1841
1310
71
442
3001
1648
1621
1753
960
1375
834
587
3229
3138
233
2202
2754
1158
2901
763
2403
1947
3248
2874
1762
570
1443
1955
986
3140
2316
1892
1996
2985
1096
2490
1249
3288
955
3295
1465
1596
1509
1861
542
1673
1328
85
1073
1335
2077
1638
1709
705
2031
2997
53
1721
863
1393
1379
669
1407
401
2241
1186
1858
316
1613
2613
225
3181
904
654
1527
2050
1010
3106
862
1655
1304
2530
2872
2428
2648
3002
1432
2782
631
2409
2931
2799
1019
2425
2398
1180
75
982
2052
36
2038
2287
338
3035
1448
1702
329
3051
18
715
2349
2879
1095
1769
2363
1342
1354
1893
2650
988
1040
3231
899
3257
58
1217
1776
318
141
2684
1570
819
476
417
1722
3104
2469
2227
2940
616
3025
981
2537
1216
1071
288
538
1350
2176
1693
1425
844
2697
144
947
297
1695
176
2553
1084
2896
2076
2466
1843
1392
1538
2631
2555
2402
513
454
568
1459
507
944
278
2044
2009
1896
514
1973
2072
3054
2725
2680
2285
743
734
355
1347
1658
598
2655
773
2647
1567
48
2192
1418
116
859
1774
2495
1137
1958
303
145
1331
1330
2827
915
3246
2749
440
1414
43
2091
2295
1832
1878
707
1332
363
1501
3305
2023
1597
91
975
665
2272
3161
585
768
2501
1803
2283
2823
1298
2526
2954
2783
2341
1291
1183
2927
2364
1024
1672
964
469
2480
1744
281
390
2858
1212
2281
2074
1047
2584
1728
1750
681
1195
448
2414
1715
2632
994
1563
1895
935
1918
368
157
1312
142
2698
2869
599
1165
107
198
2852
1612
2780
995
787
3082
1770
1233
92
3125
3037
87
816
678
1573
1799
2475
880
2748
3247
2125
1578
1124
1796
1846
1703
1891
147
2204
577
1887
984
562
2252
2671
618
1664
826
525
2810
276
1053
327
1075
2753
3188
660
3163
3011
2155
1519
191
2744
812
2719
1557
2120
2945
2718
2015
2784
1956
1908
3249
3036
744
1510
1741
1756
2180
1718
430
992
2716
2913
2001
1524
41
3075
761
2306
1219
1277
2230
1256
586
1930
1705
333
2213
23
2523
1853
3073
1920
2099
2786
2220
2159
3019
336
1276
3110
2696
1976
1823
2420
2013
3263
575
649
3171
1835
2740
3003
2203
782
1837
2835
1454
1671
2449
717
893
1051
553
2225
3306
2280
673
1909
2083
2636
2854
1868
2290
891
614
1980
2401
3103
1934
2145
5
1353
178
2758
3063
2767
1855
459
2105
2367
1101
1449
2271
2756
2995
1656
2830
3304
2014
284
2930
2556
2022
408
1343
3094
1102
2456
3210
3219
1698
2723
2770
1610
1506
216
2612
2111
3053
924
3179
1866
3166
2598
1816
30
120
388
1117
266
2986
315
2617
573
1387
645
3099
3071
1942
1834
2848
2946
927
1627
1680
3296
716
2801
499
695
451
2976
1905
2095
653
3279
777
556
2153
1022
290
2085
1193
688
2513
1403
903
1079
3286
2319
1694
2633
2504
268
1488
2189
2417
2821
1649
1681
3201
177
1092
2917
3032
474
406
918
1611
1684
770
1337
510
2747
1246
1469
1452
552
1622
2614
3245
2751
1319
260
1120
2677
2681
1635
548
3120
2981
1637
3280
2101
985
1104
1517
110
3209
2132
1470
528
871
3221
2980
480
42
2115
941
2444
2064
1001
2865
1651
1215
540
2703
549
497
2123
2279
2168
2860
1404
1230
3066
1067
3146
574
205
3172
2354
3113
158
1549
3301
878
1992
3167
1063
993
2266
1162
1968
1773
3309
2127
193
1177
1556
115
2611
1807
2790
1804
2702
2307
1460
824
1755
2492
2257
2761
289
2046
3234
3314
3285
2588
1365
3026
443
2627
581
858
2559
1029
868
509
2600
914
2672
2522
720
2197
1729
34
1467
3093
2217
942
1781
1069
2458
1043
1768
502
3195
2191
2773
886
1813
2781
2533
330
1435
2642
2486
3256
2850
1806
1321
810
550
1450
11
3048
2586
169
1545
1037
2961
2237
850
808
2243
1093
2411
2470
2629
485
152
1820
2432
2683
2410
1888
1400
1990
1730
2841
1937
1661
2741
762
1593
2941
1685
2735
2637
1670
2950
821
3069
2730
1508
601
138
2360
308
1413
2977
2029
1554
