1000

 243
 854
 711
 201
 442
 337
 649
 198
 889
 407
 431
 633
 632
 758
 465
 360
  53
 114
 805
 438
 380
 250
 820
 512
 705
 608
 369
 664
 395
 980
 863
 604
 320
 753
 264
 706
 677
 886
 572
 635
 148
 135
 713
 278
 738
 993
 590
 458
 686
 970
 867
 914
 667
 814
 581
 401
 193
 634
 251
 155
 481
 450
 234
  32
 761
 998
 558
 879
 177
 818
 364
 434
 568
  74
 221
 280
 825
 318
  70
 215
 304
 330
 823
 415
 404
 260
  80
 473
 235
 913
 409
 563
 245
 722
 536
 618
 230
 909
 976
 739
   5
 771
 850
 436
 527
  17
 988
 165
 831
 605
 652
 222
 821
 810
 799
 446
 398
 283
 345
 288
 866
 216
 504
 429
 374
 812
 845
 202
 191
 721
 449
  76
 954
 178
 226
 607
 615
 433
 341
 313
 408
 173
 732
 906
 468
 756
 466
 903
 286
  78
 430
 348
 991
 133
 661
 444
 119
 795
 665
  83
 926
 715
 923
 919
 622
 576
 745
 383
 657
 844
 609
   8
 987
 368
 997
 219
 159
 314
 614
 485
  51
 142
 189
 704
 897
 671
 487
 482
  39
 488
  42
 834
 688
  16
 141
  15
 167
 105
 284
 296
 905
 749
 441
 569
 763
 637
 915
 573
 190
 708
 597
  27
  93
 984
 896
 334
 765
 462
 232
 253
 179
  30
  88
 606
 514
  89
 539
 176
 352
 358
 486
 650
 894
  36
 924
 697
  87
 963
  99
  21
 801
 556
  66
 560
 161
 675
 588
 557
 389
 621
 394
 571
 333
  75
 523
 129
 929
 307
 965
 584
 491
  90
 422
  59
 931
 796
 316
  34
  18
 293
 702
 533
 115
 725
 542
 428
 402
 505
 297
 357
 185
 603
 932
 921
 930
 526
 214
 808
 996
 798
 788
 322
 396
 312
 367
 418
 694
 237
 321
 679
 829
 160
 742
 737
 454
 851
1000
 662
 819
 564
 852
 381
 432
 210
 689
  71
 448
 586
 344
 994
 741
 515
 712
  28
 872
 256
 565
 887
 545
 670
 870
 285
 837
 550
 453
 743
 883
 925
 809
 452
 509
 942
  13
  40
  11
 553
 776
 873
  77
 941
 803
  12
 195
 204
 301
 290
 111
 775
 218
  60
 910
 183
 308
 750
 440
 802
 495
  72
 388
 766
 511
 678
 108
 362
 503
 720
 484
 522
 541
 654
 928
 516
 211
 978
 990
 259
 871
 693
 937
 975
 653
 703
 838
 881
 592
 269
 865
  57
 617
 416
 862
 681
 927
 644
  62
 417
 157
 587
 103
 888
  91
 154
 544
 375
 682
 399
 961
 181
 815
 730
 361
 567
 158
 419
 880
 857
 294
 445
 734
 982
 950
 719
 890
 977
  47
 807
 532
  92
 206
 385
 552
  52
 574
 168
 974
 182
 335
 797
 843
 624
 102
 518
 366
 271
 217
 477
 967
 562
 876
 229
 956
 224
 938
 400
 350
 874
  96
 213
 548
 169
 305
 875
 884
 792
 508
 895
 846
 716
  20
 347
 900
 303
 239
 551
 793
 144
  33
 163
 933
 238
 983
 263
 953
 461
 901
 393
 384
 336
  23
 701
 534
 291
 326
  10
 751
 356
 257
 973
 781
 194
 117
  35
 759
 864
 934
 600
 960
 596
 594
 472
  58
 496
 123
 276
 842
 836
 589
 940
 575
 786
 302
 817
 811
 746
 848
 668
 443
 197
 593
 904
 907
 840
 955
 839
 636
 699
 258
 109
 281
 898
 877
 944
 647
 841
 882
 833
 174
 692
 205
 435
   1
 892
 764
 546
 935
 952
 228
 120
 620
 124
 413
 207
 962
 868
 731
 760
 543
 599
 598
 273
 370
 146
  38
 323
 779
 122
 231
 501
 346
 507
   9
  63
 391
 410
 475
  94
 203
 989
  67
  61
 149
 582
 824
 754
 747
 549
  82
 626
 156
  44
 648
 171
 828
 500
 338
 427
 506
 601
 372
 164
 672
 270
 736
 467
 437
 858
 471
 254
 489
 138
 813
 969
 184
 696
 151
 623
 610
 595
 425
 199
 717
 690
 127
 134
 816
 613
 349
 641
  14
 275
 878
 289
 578
 804
 392
 241
 832
 455
  98
 106
 794
 100
 265
  79
 110
 729
 268
 951
 625
 959
 676
 227
 130
 947
 502
 535
 342
   2
 411
 674
 740
 981
 242
 789
 470
 660
 248
 538
 957
 744
 118
 476
  43
 363
 200
 735
 405
 172
 196
 666
 639
 236
 249
 188
 791
   4
 769
 343
 860
 830
 192
 835
  26
 755
 869
 421
 128
 351
 971
 406
 311
 426
 373
 700
 774
  19
   7
 513
 800
 519
 917
  50
 547
 554
 295
 669
 985
  31
  73
 695
 979
 457
 778
  84
 424
 893
 524
 132
 145
  45
 355
  49
 849
 631
 528
 630
 180
 480
 490
 773
 104
 964
   6
 762
 683
 684
 723
 423
 530
 643
 319
 112
 916
 139
 899
 306
 143
 298
 521
 770
 510
 324
 451
 498
 331
 537
 262
  41
 822
 464
 261
 785
 325
 885
 772
 328
 126
 859
 379
 733
 855
 783
  69
 315
 412
 718
 136
  97
 627
  25
 494
 166
 611
 540
 386
 752
 619
 376
 267
 420
 645
 162
 225
 359
 707
  81
 371
 570
 655
 282
 891
 309
 727
  48
 945
 936
 240
 531
 784
 685
 353
 208
 943
 777
 209
 340
 949
 274
 922
 255
 687
 946
  37
 153
 252
 559
 382
  95
 638
 377
 233
 387
 658
 847
 602
 220
 995
 529
 266
 902
 948
 628
 525
 187
 492
 972
 469
 555
 170
 147
 479
 580
 463
 768
 966
 246
 726
 310
 790
 709
 300
  65
 137
 612
 827
 787
 616
 517
 279
  86
 332
   3
 299
 992
 577
 642
 459
 113
 223
 861
 920
 456
 439
 403
 493
 767
 150
 680
 414
 561
 152
 728
 354
 710
  64
  85
 579
 806
 292
 378
 698
 583
 186
 908
 131
 116
 782
  56
 918
 447
 121
 585
 659
  68
 247
 460
 175
 397
 986
 646
 714
 958
 748
 780
 520
  46
 640
 474
 663
 499
 317
 826
 339
 327
 390
 691
  54
 999
 272
 856
 212
 968
 277
 140
 365
 912
 757
 673
 724
 483
 478
 651
 591
 566
 244
 656
 107
 911
  29
  22
 101
 329
 939
 629
 497
 287
  55
  24
 853
 125