10000

 9054
 4087
 8328
  564
 5557
 6643
 2690
 7284
 7441
 9835
 8561
 4704
 6902
 7057
   79
 1932
 2987
 6277
 2745
 9830
 9940
  608
 6807
 1989
 1583
 5018
  951
 9427
 3659
 5148
 7262
 7620
 5079
 2226
 8671
 8016
 7475
 1276
 5248
  718
 6172
 4699
 2249
 8031
 1700
  671
 6628
 7908
  877
 9078
 9111
 5758
 8493
 6436
 5350
 7228
 6804
 5321
 5591
  748
 5336
 5877
 3392
 2201
 2639
 6019
 3155
 5477
 7802
 1953
 8908
 8586
 3088
 3235
 8252
 8982
 9928
 9632
 9163
 5582
 6029
 6134
 5351
 4021
 6990
 3279
 7354
 6626
 5182
 1150
 7647
 9528
 9364
 7724
 6054
 8580
 6761
 2700
 6517
 9970
 3268
 5462
 8373
 5523
 5472
 8449
 7580
 5668
 1010
 8510
 6194
 3844
 5896
 1823
 2892
 2691
 4749
 8479
  712
 6862
  798
 5625
 1710
 6159
 5953
 3380
 1466
 8013
 5397
   84
 1219
 1637
 7781
 8027
 2596
 1845
 6056
 5147
  513
 3427
 7692
  301
 3467
 2732
 6946
 6166
 8705
 7776
 9752
 4377
 2603
 9172
 4651
 8971
 4075
 7750
 1787
 6476
 4818
 4521
 5584
 1842
  729
 9748
 8675
 3985
 7735
 4726
 6744
 8533
 3303
 7862
 3641
 6372
 4698
 1866
 2590
 5094
 9858
 9897
 2831
 1875
 7000
 7070
 9346
 8711
 7653
 9901
 1870
 3242
 4279
 6047
 9091
 5649
 2663
 4222
 1987
 1159
 3063
 2861
 6302
 2707
 1727
 4649
 4530
 7486
 7714
  465
 1468
  688
 5677
 5680
 9421
 5168
 7679
 8367
  155
 4648
 6712
 4262
 2253
   34
 3288
 7642
 5451
 7177
 2943
  705
   62
 6434
 7604
 1563
 2937
 6527
 9531
 9268
 9309
 3081
 8191
 3433
 4656
 5081
 6255
 5372
 7462
 2498
 4564
 9613
 4977
 8996
 1588
 9341
 6557
 7832
 2291
 5077
 7851
 4984
 4895
  912
 4234
 5559
 2576
 2965
 2984
 2580
 1873
 8638
 4628
 3295
 9978
 9225
 3726
 6747
 9692
 4691
 7626
 8181
   93
 8883
 6260
   65
 6663
 5608
 3109
 8644
  810
  840
 9686
 4702
 2555
   91
 5794
 3439
 7515
 3897
 6104
 4383
 6187
 5487
 3083
 2250
 4134
 9148
 1649
 6385
 4842
 1561
 5837
 6621
 6826
 1376
 8947
 5552
 3227
 3676
 2003
 3485
 8235
 1120
 5480
 2080
 1134
 4617
 4441
  758
 4334
 6138
 9977
 8217
  226
 8986
   88
 1464
 6566
 2381
 8305
 2876
 1627
 7171
 1611
 3024
 4712
 7324
 4304
  406
 1025
 1481
 7938
 5430
 1725
 3315
  974
 2847
   83
 7346
 7266
 1915
 6908
 6588
 7064
 7914
 9560
 5324
 6618
 8302
 9655
 3425
  931
 6715
 6242
 2811
 8222
 2882
 1335
 9984
 8965
  843
  690
 6060
 9642
 9857
 2289
 4167
 3256
 3810
 1884
 9315
 6629
 4720
 9931
 9117
 5161
 2221
 7631
 1425
 2371
 1878
 4583
 6429
 4679
 6108
 5638
 2995
 2818
 6083
  496
 9200
 1365
 8673
 4161
 4567
 7216
 8655
 5983
 8651
 9487
 2777
 2318
  427
 5725
 4611
 7231
 8553
 2776
 4764
  945
 3452
 4197
 2223
 4871
 1157
 7368
 9011
 2862
 5226
 6562
 2376
 5008
 5231
 2091
  100
 7971
 1259
 5065
 5558
 4328
 1702
 5389
 4042
 3104
 8330
 7192
 3581
   42
 4960
 2308
 7369
 5007
 2718
 5460
  348
  264
 7916
   21
 4202
 4657
 6632
 2671
 2746
 6708
 8977
 1682
 6898
  807
 9503
 5086
  386
 5481
 2587
 7082
 8975
 9235
 5626
 5044
  432
 4493
 5160
 5363
 7377
 4806
  556
 2479
 3748
 3339
  102
 5298
 1417
 1835
 9298
 2468
  932
 9926
 8846
 1298
 9077
 7114
 1123
 1568
 5448
  722
 9278
 3784
 9720
 5113
 3001
 3720
 5157
 9372
 1703
 1021
 4469
 2219
 9517
 4218
  189
 2386
 5907
 7389
 6817
 1824
  587
 6135
 3522
 6343
 6079
 3538
 9914
 4566
 6459
 5109
 6540
 5309
 9116
 6859
 7254
 2389
  716
 2227
 1308
 2076
 1351
 7564
 2024
 6813
 1069
 4452
 6139
 3166
 3996
 3344
 3931
 7496
 3388
 4432
 7991
 9186
 7525
 1684
 5080
 8758
 5271
 9479
 3405
 7233
 1286
 3305
 2747
 7720
 1715
 3730
 2826
 9701
 9751
 7606
 3264
 6911
 3685
 9811
 4185
 9360
 3940
 1982
 7786
 3860
 3394
 1457
 6964
 4696
 3349
 4426
 9087
 1747
 9128
   43
 6157
 3389
 2171
 8387
 3625
  869
 6387
 2722
 7061
 3157
 5400
 5752
 6470
  283
 7010
  686
 7482
 1876
 9845
 4343
 9484
 4571
 5801
 8150
 5114
 1885
 5784
 3230
 8932
 6474
 9281
 4370
 5822
 7004
 5964
 2257
 5054
 7195
 5828
  515
 8318
  618
 4957
 1307
 1511
 1094
 5252
 3216
  964
 2768
 9758
 9708
 2210
 5554
 3979
 6634
 6421
 8488
 8475
 6716
 7217
 2841
 1871
 9541
 7288
 8457
 9453
 7562
 6851
 6811
 9196
 8463
 9174
 1846
  612
 6743
 4909
 9809
 3967
 8378
 9088
  924
 3418
 1003
 6384
 4993
 8643
 8698
 9468
 9023
 5719
 7743
 8716
 5359
 7506
 3409
 9383
 3277
 9152
 4453
 8585
 3055
 8218
 7007
 9444
 1840
 5891
 8601
 8440
 3675
  531
 9316
 4143
 7168
 8323
 6682
 6439
 2837
 6245
  973
 3633
 2309
 5819
 4771
 3854
 9912
 5804
 1206
 6349
 7770
 9826
 9321
 4812
 4563
 9092
 5713
 3299
 3524
 6215
 9136
 4391
 8964
 1985
 8489
 6485
 8339
 7096
 2636
 1545
 4781
 8353
 4164
 8727
 2506
 3731
 8734
 9685
  652
 6652
 1685
 5833
 2921
 5640
 6503
 1950
 6942
 9008
 3694
 3790
 1409
 3262
 2666
 1720
 7637
 7235
 8515
 5213
 8877
 7872
 1217
 2445
 6396
 1212
 7747
 1752
 3779
 7745
 1785
 1914
 3970
  494
 5126
 1476
 6903
 8120
 9506
 7995
 8513
 2125
 6674
 2019
 4348
  613
 9306
 8571
 2388
  126
 9668
 4138
 7644
 2819
  499
 2136
 3013
 8954
 4049
 7585
 1645
 7156
 1326
 8981
  918
 8630
 7711
  270
 8647
 6648
 6988
 3125
 9130
 4518
 5566
 5615
 1938
 2753
  230
 5382
 4001
 6301
 3881
  223
 1455
 6212
 8577
 8969
 7479
 4538
 9362
 1449
 7726
 8749
  392
 2203
 6208
 1327
  562
 7140
 6947
  124
 8620
 7942
 6009
 8740
 3886
 5831
 6919
 4405
 4950
 3859
 4043
 1817
 6189
 8599
 2321
 9865
 2449
 8809
 1436
 2935
 4695
 6997
 4729
 5820
 7473
 1437
 9164
 1705
 2081
 3106
  872
  509
 4184
 4008
 4593
 1557
 7002
  542
  754
 3657
 8852
 4799
 1781
 9203
  578
 5904
 4753
 1199
 1879
 2491
 6046
 7792
 2734
 5473
 1459
 5189
  525
 7929
 4551
 8691
 9992
 7151
 1039
 8063
 5009
 2885
 3068
 8865
 1667
 6611
 2930
 4011
 1754
 5870
 5688
 2099
 8062
 8657
 4975
 2400
 8628
 9599
 5899
 8803
 4217
 8678
 6100
 6413
 6283
 8870
 9018
  431
 9496
  640
 1063
 2415
 1114
 7122
 5781
 2208
 1305
 2950
 6364
 1386
 4269
 9707
 6282
 1314
 5158
 2473
 9325
 8500
 3283
 1906
 1249
   54
 9622
 3624
 5730
 3764
 8254
  741
 7347
 6308
 9728
 7110
  505
 9575
 4623
 9862
 4344
 8259
 6284
 7393
 7698
  323
 1608
 1656
 4675
 6576
 2086
 5028
 3767
 2869
  452
 3824
 8136
 7915
 9379
  220
 6051
 1768
 9460
 6937
 9212
 2162
 4181
 7242
 7054
 3821
 6310
 6264
 2023
 6477
 9394
  344
 4259
 4644
 4738
 3999
   78
 5665
  986
  730
 3454
 2911
  145
 5089
 9129
 5875
 4664
 6422
 6816
 8687
 1853
 9283
 8793
 1382
 7670
 7014
 4187
 1841
 7263
 2163
 2523
 3366
 1225
 1975
 6369
 8677
 6438
 2581
 7274
 8272
 7460
 8456
 1506
  462
 8025
 8626
  141
 2216
 2738
 7420
 5141
 1721
 5401
 9124
 5922
 7775
 1822
 2008
 7275
 1519
 9598
 5048
 8309
 2868
 4464
  480
 4474
 2683
 2648
 3856
 3803
 2453
 6818
 7598
 4101
 8343
 8083
  371
 1692
 7387
 8037
 5476
 4413
 1578
  254
 4569
 9924
  922
 4991
 5134
 5347
 1177
 9037
 3605
 7391
 9919
  426
 4113
 4265
 9501
 3247
 2350
 5286
 8762
 4140
 5258
 8935
  354
 5256
 2888
 3628
 5792
 2582
  919
 9367
 2207
 8379
 4747
 6324
 7497
 8369
 8362
 9159
 9800
 6495
 6796
 3082
 8631
 2288
  255
  993
 4485
 8470
 5799
 8368
 4424
 7130
 7317
 7900
  771
 3311
 6746
  190
 1928
 9879
 4777
  184
 6314
 9094
 9552
 3563
 1423
 7434
 4108
 4103
 5655
  984
 8649
 5888
 7808
 3135
  905
 2947
 2365
 6693
 4355
 6173
 1606
 9899
 2153
 9318
 1952
 1275
 3506
  695
 4852
 3371
 8621
  639
 9292
 7618
 7640
 9653
 8381
 8692
 4681
 8179
 7086
 7696
 3990
 7549
 6234
  250
 6791
 9027
 1026
 2109
 9142
 3181
 8581
 8779
 5484
 5485
 3690
 1644
 9057
 8072
 6585
 1991
 5360
 1621
 7935
 4588
 6377
 4730
 5284
 2929
 9801
 4775
 9949
 4225
 9411
 1924
 9350
 2155
 3946
 9687
 9892
 7179
 4763
 2508
  763
 7944
 7966
 3914
 4148
 2919
 4780
 1669
 5716
 2183
 2794
 6330
 8825
 6662
 1256
 3073
  163
 2064
 3702
 2670
 1445
 3245
 9260
 8466
 5526
 1151
 1117
 1470
 9900
 3017
 8889
 2195
 8624
 2944
 5471
 4071
 3920
 5520
 3127
 6203
 7550
 6311
 2194
 7703
 3011
 5185
 2054
 2159
 3094
  674
 8177
 7725
 1006
 6326
 9276
  698
 6200
 2245
 2314
 1030
 9134
    2
 3150
 9804
 2143
 8089
 6649
 8232
 3466
 9693
 3534
  116
 5212
 6279
 1166
 1125
 8194
  359
 2664
 2422
  337
 9676
 9504
 9404
 3021
 6117
  715
 2912
 5352
 7315
 4877
 2391
 5022
 8004
 1180
 1693
 8856
 9890
 5930
 3736
 5330
 9312
 5005
 3545
 1909
 1553
 8482
 4414
 7047
 7158
  664
 1234
 8898
 2809
 7120
 7322
 1984
 4541
 2238
 6929
 4168
  900
 1963
 2613
 8263
 6984
 9695
 1780
 5117
 4735
 1401
 7063
 2068
 2032
 7586
 6985
  956
 9579
 8043
 8914
 8109
 8173
 5511
 9716
 6383
 2094
 8708
 1539
 9141
 3431
 5455
  324
  503
 9254
 7563
 4135
 5346
 2374
 3403
 4306
 1192
 5333
 6774
 6078
 1368
 8195
 6973
 3589
 4125
 6008
 5728
 1748
 5364
 2057
 7058
 5283
 1548
 7694
 4221
 1524
 6179
 8122
 6403
 6004
 4524
 7584
 9715
 4951
 2796
 7321
 5317
 4390
 9943
 1452
  980
 2564
  154
 4962
 3540
 8773
 8019
 5959
 3200
 6701
 9456
 9340
 2956
 2815
 1577
 9839
 7498
 2325
 2914
 8554
 9342
 1520
 3745
 5053
 4057
 3030
 7755
 9377
 7793
 8603
 8390
 1389
 9547
 1881
 7690
 8071
 9030
 3154
 2626
 5806
 6162
 3306
 9864
 6730
 5869
 2421
 5122
 3065
 2215
 2526
 4018
 5543
 4875
 5510
 3040
 4504
 2313
  150
 1939
 3301
 7669
 3171
 7709
 7645
 9262
 5039
 4745
 1028
 5353
 3616
 3969
 4486
 9209
 3271
 2105
 4448
 4030
  958
 4516
 8505
 1555
 9574
 4411
 3430
 2047
 3807
  906
 1560
 5991
  464
 4520
 3026
 5174
 5858
 5661
 3511
 8345
  288
 2486
 6641
 4496
 5318
 6199
 1525
 4926
  838
 6176
 2672
 2926
 2521
 7052
 1453
 7660
 5841
 1618
 2617
 2785
 4798
 4688
 5976
 7400
  404
 9430
 9624
  856
 4418
 6549
 9333
  691
 4033
 8942
 7313
 5108
  166
 7345
 6578
 2463
 7011
 3407
 5530
 6007
 9593
 7621
 2548
 2676
 6061
 5241
 1804
 7994
 5933
 9099
 5747
  707
 9450
 5254
 1971
 1837
 2567
 6837
 8354
 3957
 6526
 6923
 5385
 1043
 6149
 5916
 4401
 8635
 1724
 2066
 9871
  694
 8987
 7722
 3944
  642
 2089
 1515
 9755
  933
 5948
 3110
 8862
 4319
 8126
 9621
 8699
 1500
 8015
 1771
 5461
 1902
  953
 6050
 9580
   10
 6931
 2688
  574
 8325
  187
 2744
 1035
 8193
  787
 9403
 1400
  429
 1347
 1731
 3915
 7356
 9633
 6636
   58
  265
 1809
 3440
 8911
 6299
 6016
 7970
 2297
 4674
 1496
  814
 7269
 8494
 5176
 3678
 2535
 9740
  253
 5660
 2398
 3956
 9114
 7619
 9834
 3376
 5542
  274
 4037
 7764
  275
 9853
 5815
  620
 4263
 6478
 2244
 4204
 7796
 8267
 2475
 3446
 5780
 7251
 5537
 9301
 9733
 8374
 9690
 2283
 7463
 8963
 9415
 8940
 1479
 4912
 9698
 5051
 2002
 7710
 6305
 1995
 3479
 7889
    7
 4362
 8821
 9294
 7835
 5292
 4633
 4917
 5766
 1999
 2128
 7522
 1624
 7885
 2697
 2307
 5648
 4678
 6886
 1865
  717
 5851
 1789
  138
 9446
 2830
 3123
 2260
 4407
 1147
 7700
 5244
 2474
 5968
 5006
 2348
 4351
 9338
 9205
  950
 2458
 6087
 1135
  236
 8333
 7589
 1556
 2704
 9784
 5220
 4582
 9868
 3974
 8776
 6875
 1946
 5106
 5709
 6342
 9481
 5323
 4577
  474
 1979
 9039
 2880
 2167
 4419
 8985
 9582
 4556
 5700
 7297
 5211
 4498
 6414
 7267
  601
 6555
 8182
  146
 4336
 4858
 8737
  822
  985
 7438
 5112
 9001
 2675
 6452
 4995
 3158
 8921
  224
 8549
 7492
 2373
 1018
 6991
 9157
 2293
 7245
 9408
 2082
 3165
  907
 2922
 1596
 3138
 3932
 4005
 9040
 5215
 2063
 7390
 1395
 7819
 2923
 4235
 7614
 5263
 7763
 1176
 6500
  604
 2145
 7857
 9101
 4154
 5164
 2470
  569
  661
 7491
 9774
 4971
 8810
 1803
 2383
 9629
 4420
 1323
 6880
 8041
 2652
 4107
 1086
 6178
 7467
 6354
  111
 1767
 6352
 1504
 6323
 9699
 1187
 3481
  488
 2295
 4316
 5406
 3314
 7530
 8060
  242
 5040
  927
  438
 7342
 9550
 9424
 3777
 4936
 5676
 5140
 6799
 1653
 3882
 7840
 7545
 9145
 6144
 3263
 4830
 3919
 7053
 8415
 9138
 3590
 7699
 7165
 3650
 1808
 6855
 9486
 2731
  808
 3884
  544
 6999
  756
 8156
 9957
 4275
 1790
 3712
 8972
 3585
 1160
 6518
 4268
 9877
 9437
 2782
 7309
 1802
 2948
 1631
 5291
 2910
 6205
 3703
 8895
 5898
 1593
 9766
 7432
 2520
 4721
 4997
  850
 2850
 2656
 1334
 5637
 9147
 6885
 2417
 7170
 9049
 5394
 5740
 7302
 1673
 9197
 9288
  327
 1387
 1810
  967
 7481
 2622
 2301
 6251
 5170
 3490
   24
 9760
 7187
 4885
 6893
 3566
 5195
 9591
 7878
 7754
 1287
 7437
 5301
 5696
 6806
 1027
  669
  533
 8514
 4716
  318
 3773
 9139
  108
 8753
 3550
  222
 8714
 4494
  954
 4711
 3465
 1639
 8241
 3669
 3870
 5778
 5250
 6551
 6879
 1745
 7740
 2385
 4301
 7846
 3972
 5864
 9355
 9511
 6647
 6375
 2920
 4673
 9476
 5768
 7811
 2682
 6563
 1602
 8216
 5278
 5230
 8458
 7223
 9405
 7718
 4209
 2786
 6095
 4647
 8331
 4546
 8861
 8154
 3240
  292
 4672
 6213
 3842
 3592
 9639
 7879
 6055
 3953
 4849
 2177
 1529
 3782
 8398
 2991
 4659
 9494
 2220
 5623
 7023
 2217
 7412
 1922
 4342
 6751
 2262
 4317
 8792
 3559
 8783
 8228
 1015
 2206
 2751
 3980
 8356
  926
 8869
 5312
 9000
 9214
  581
 6738
 9307
 4274
 4198
 4435
 8175
  627
 5152
 6508
 3324
  779
 9821
 7568
 6300
 3012
 9284
 4109
  246
 1719
  696
 9570
 4276
 3164
 6126
  864
 8445
 5581
 1131
 1551
 2393
 7079
 5091
 2472
 7612
 1486
 1053
 8210
 5259
 8838
 5846
 5961
 6735
 1913
 8610
  835
 9344
 3131
 9365
  489
 2072
 9778
  684
 3176
 5517
 2014
 9860
 2092
 8593
 1547
  615
  379
 6498
 3513
 1630
 6445
 4561
 8335
 7108
 4131
 6348
 5980
 1869
 6089
 8342
 4312
  683
 3416
 2536
 3727
 4748
 9154
 9969
 8962
 7973
 9847
 6687
  892
 1346
 8123
 4466
  277
   44
 3791
 5788
 1681
 6622
 5294
 1077
 1183
 2010
 7205
 1011
 9930
 9902
 3441
 9007
 2397
 2814
 6501
 9215
 1122
 1877
 1429
 2049
 9490
 9230
 7074
 8462
 5697
 1274
 7484
 3893
 1758
 4980
  293
 7039
 8185
 4132
 4090
 6210
 6304
 4884
 8531
 4445
 4495
 5694
 9773
 7385
 9074
 5568
 8588
 4136
  212
 9263
 4835
 6513
 6795
 7824
 2557
 6830
 4650
 9705
 8184
 1414
 7371
 9658
 1544
 4705
 6722
  306
 9167
 8751
 2595
  631
 3535
 4007
 2166
 9326
 1108
 1806
 6659
 4034
 2618
  123
 6958
 8663
 2570
 9021
 6596
 4258
 1648
 1594
 1047
 2615
 7264
 4836
 9987
  934
 5783
 5095
 2030
 2598
 5442
 5900
  164
 4923
 6890
 2423
 3587
 5002
 1958
 5307
  352
 2660
    3
 6785
 3761
 3561
 5712
 5412
 7049
 6272
 7810
 1763
 4622
 2979
 6719
 7555
   53
 6184
 9409
  961
 1531
 6731
 9578
 3223
 4896
 8340
 2198
 1430
 5136
 6906
  272
 8114
 7059
 7458
 8388
 3774
 8875
 3005
 9358
 6635
 7932
 6457
  570
 3526
 5470
 8244
 2729
 4537
 3709
 4570
 9780
  765
 8129
 9447
 3372
 1405
 5633
 8894
 9660
 6130
 1113
  594
 7044
 1410
  477
 3530
 3276
 2353
 3942
 9628
 7999
 3620
  441
 1036
 5634
 1081
 3688
 8757
 3332
  897
 7334
  326
 2165
 6602
 8422
 4389
 6473
 7455
  290
 4760
 7803
 8484
 1064
 9314
 8069
 4410
 9224
 5790
 3151
 2932
 4169
 8872
 9143
  827
 6593
 8674
 8557
 4465
 7925
 1628
 8350
 5653
 2679
  957
 8082
 6105
 6935
 9187
 4690
 2803
 8006
 3320
 2070
 1065
 5101
 4002
 1302
 1514
 2844
 9080
 6834
  825
 9825
 7535
 6298
 4350
 4076
 3244
 9985
  774
  963
 5074
 3233
  780
 7162
 2607
 1193
 5808
  851
 3868
 4974
 9271
 9204
 5441
  638
 4026
 4607
 5153
 8789
 6370
 3091
 4722
 3458
 1658
 7027
 6586
 8609
 6968
 9472
 7470
 9359
 6653
 5305
 6111
 3297
 3048
 3623
 3186
 3697
 6386
 2407
 2117
  363
 4374
  368
 8661
 3450
 5293
 6717
  110
 9343
 7222
 8844
  463
 3451
 2416
 7583
 4751
 7527
 7250
 1966
 6686
 9420
 1352
 1014
 8904
 8230
 4054
 7210
 9151
 9115
 9551
 7123
 5316
 8772
 4264
 6848
 3289
 8584
 1739
 2205
 6861
 4626
 4553
 2842
 3916
  269
 4194
 4159
 4347
 4927
 1209
 1460
 2658
 1272
 3253
 2874
 9971
 3849
 6782
  407
 3556
 2108
 3668
   50
 1882
 3379
 8248
 2079
 1271
 6025
 9521
 4251
 7112
 3717
 4256
 1676
 1959
 2894
 9465
 6268
 3595
 2419
 6793
 7595
  130
  960
 4525
 3862
  361
 1344
 4378
 7956
 5331
 5177
 3003
 5454
 7318
 1744
 6192
 6857
 6661
 3917
 4509
 8412
 6000
 7290
 4973
  743
 6216
  821
 6137
 5931
 9245
 1936
 2881
 6155
 3086
 1118
 4865
 8879
 3741
 6446
 2852
 8743
 3700
 7782
 7402
 2232
  881
 4308
 6312
 3286
  478
 3597
 1856
 8064
 8196
 6423
 4641
 8253
 9110
  168
 6451
  287
 5435
 2359
 1801
 3411
 2519
 2547
 6409
 1383
 2728
 6520
  885
 9747
 6340
  440
 6725
 4363
 7471
 2594
 7613
 8541
  682
 8559
 6925
 6039
 7452
  394
 6534
 6481
 1002
 4815
 6371
 5885
 3537
 5844
 7232
 2616
 4083
 6950
  773
 3327
 2727
 4053
  229
 4313
 8694
 6170
  633
 6015
 3124
 7804
 3740
 1977
 1171
 9641
 5320
 7144
 8529
 8384
 4433
 8652
 8608
 8592
 3031
 9166
 3866
 1612
 3169
 5800
 8189
 3210
 4714
 8547
 9155
 7236
 7541
 4227
 6094
  666
   30
 7930
 2879
 9861
 3087
 5848
 3554
 5011
 7398
 8732
 1512
 2357
 1756
 6962
 3323
 3615
  805
 9679
 9742
 3899
 6388
 4012
 7986
 9229
 6996
 3383
 6350
 8401
 9320
 9426
  862
 2632
 8731
 3928
 1324
 7531
 8199
 5762
 5154
 4311
 7509
 3280
 7293
 5047
 6939
  172
 7903
 6125
 7147
 4398
 3959
 7018
 6378
 5500
 2735
 7229
 3504
 9846
 7801
 4822
 8011
  393
 3562
 7701
 3794
 1172
  646
 7258
 2160
 6689
 9683
 1266
 4314
 4940
 8215
  863
 1194
 2898
 3877
  437
 5144
 2175
 7687
 8923
 2591
 7768
 8146
 4009
 3182
  582
 3780
 7911
 3201
 8180
 7794
 9675
 3020
 4804
 9603
 7319
 3215
  815
 3813
 9976
 3674
  369
 9439
 4639
 4067
 2953
 7643
  991
  802
 2739
 9849
 5146
 2279
 9319
 9366
 4576
 3218
 1454
 6872
 2992
 4096
 1774
 1431
 5098
 3711
  435
 7558
   51
 6013
  541
 2597
 7883
 7329
 1646
 2495
 1322
 2945
 2012
 3298
 4365
 1126
 6932
 3382
 2390
 4036
 8823
 1379
 4689
 3954
 7557
 8165
 8495
 9771
 6951
 2315
 9548
 6261
  310
 7729
 5934
 4035
 8578
 6873
 5793
 7040
 8483
 2067
 8234
 2893
 7526
 2583
 1579
 2643
 9029
 6142
 6828
 5823
 1424
 4305
 4385
  783
 1239
 4248
 2645
 4339
 8556
 9371
 6980
 6553
 1354
 1517
 1872
 9170
 8430
 9519
 6226
  410
 2678
 7974
 4289
 1132
 4996
 9055
 2859
 3721
 8992
 4294
 5214
 4292
 8775
 1393
 5540
 7178
 7933
 4146
 2137
 6673
 5273
 6465
 1565
 8988
 1214
 1487
 1696
 2661
 7186
 8523
 9557
 8363
  817
 6331
 8723
 9526
 4120
 8530
 5544
 2931
 9182
 6656
 7968
 3136
 7370
 9258
 6552
 5371
  978
 8951
  837
 1104
 5061
 9153
  635
 4302
 5664
 2430
  607
 5308
 3801
 4829
 9757
  234
  972
 1477
 6794
   15
 9783
 3829
 7705
 7691
 3879
 9854
 7783
 9185
  759
 4574
 2543
 2418
 6685
 2516
 9020
 4823
 6152
 3933
 8059
 8662
 6654
 6024
 5969
 4171
 9823
  982
 6525
 9291
 7213
 6669
 5466
 1541
 5744
 4282
 2467
  634
 4112
 5564
 1136
  955
 4093
 2116
 7364
 6285
 7019
 1178
 7894
 4099
 3319
 7465
 6329
 3555
 4778
 6141
 5338
  786
 8565
 1632
 2426
 9370
 5714
 7520
 3739
 9672
 3756
 6571
 4045
 8402
 5549
 4162
  218
  259
 5167
 3038
 7992
 8106
 2296
 7332
  433
 9571
 7950
 9515
 9607
 1499
 2124
 5952
 6827
 1890
 1179
 2123
 9412
 9712
 1838
 7424
 2493
 4942
 2515
 2286
 1993
 7102
 4360
 4371
 3402
 8845
 5657
 7597
 4572
 8920
 3074
 7815
 2779
 6066
 4902
 4762
 7918
 8477
 7895
  630
 4228
 8855
 1488
 5533
 7521
 5151
 7748
 4548
 5745
 3637
 7901
 4266
 5755
  261
 5570
 7695
 4080
 4028
 4782
 7961
 7392
  174
 5682
 4903
 7592
 3196
 1887
 2939
 2483
 5859
 3692
 4193
 2504
 4224
  399
 8770
 6367
 2865
 6655
 9126
 2561
 6265
 1435
 8918
 2501
 6397
 7113
 4579
 6391
 3541
 9201
 4820
 5365
 8700
 6644
 5512
 5627
 1501
 3719
 7046
 9098
 1636
 3114
  557
 3871
  795
 6967
 7403
 3045
 2173
  210
  104
 2487
 1146
 1733
 1072
 9536
 2730
 4084
 5988
 6069
 5416
 9762
 8945
 1291
 9893
  545
 7183
 6769
  475
 3029
 3202
 3116
 3335
 3699
 2490
 8313
 4145
 3883
 6614
 9647
 2593
 3437
 2239
 8769
 3341
 8227
 2436
 9105
  490
 5995
 2763
 8485
 3461
 3775
 8728
 5403
 7976
 8560
 4921
 7639
 5982
 6897
 9663
 7105
  573
 3691
 9920
 9951
 6096
 8774
  923
 8030
 1862
 6956
 4540
 9068
  990
 2122
 4937
 2695
 2539
 2484
 9032
 4652
 3601
 3728
 5345
 7505
  113
 3945
 5978
  519
 9956
 6579
 2531
 8667
 4517
 4157
 2106
 5699
 9386
 9246
 4238
 8672
 1522
 4041
 2237
 4040
 1712
 3346
 9986
 9559
 7337
 3903
 9840
 2197
 5199
 8052
 5093
 8128
 5618
 2041
 5418
 4796
 6174
 8576
 7344
 3606
 1130
 4055
 4375
 7219
 3510
 1397
 8816
 1858
 8984
 6164
 3594
 6021
 9832
 7856
 6131
 5287
  583
 6278
 9508
 4864
 6703
   39
 3211
  781
 6577
    1
 7655
 5750
 2877
 2031
 8285
 9285
 6651
 3130
 1601
 6976
 1403
 6764
 9649
 1666
 3259
 1413
 5191
 3912
 9787
 5172
 6236
 4930
 4568
 2978
 6660
  595
 7896
 6697
 1974
  537
 1240
 7981
 5012
   41
  916
 4430
 2705
 6235
 6680
 3404
 5938
 4597
 4487
 4050
 7578
 6683
 2071
 2829
  133
 4692
 3149
  820
 2111
 6548
 1048
 7664
 3939
 4958
 5818
  103
 5429
  276
 5192
 8446
 3950
 1996
 2069
 9817
 8407
 9905
 9202
 5452
 1265
 2450
 5468
  752
  987
  995
 9806
 2036
 5598
 5631
  522
 9177
  575
 1491
 8656
 5955
 6344
 9746
 1528
 6080
 8520
 7797
 7028
 9814
 7343
 7087
 5004
 1757
 2290
 1851
 6171
  134
 3800
 7719
 8766
 8276
 4658
 8211
 6561
 9805
 2320
 7243
 5021
 1142
 7282
 9586
 7439
 7078
 9841
 2717
 2936
 7141
  472
 6982
 4897
 7554
 9123
 7741
 4946
 3525
 4587
 8906
  870
 6536
 5156
 6140
 2651
 1694
 6281
 3408
 9293
 9903
 6393
 7129
 3278
 6713
  750
 6835
 7503
 1222
 9646
 8005
 9935
 4807
 2284
 9929
  131
 9964
 1392
 9473
 2053
 6382
 9640
 4233
  925
 1440
 1566
 9033
 8116
 3639
 3752
 6188
 3686
 7876
 9818
 3661
 1833
  920
  714
 7172
 3514
  203
 2684
  853
 8983
  502
 4535
 5628
 3994
 4335
 3393
 4338
 4845
 5378
 7706
 1050
 6253
 4939
 7001
 9247
 5395
 2680
 9478
 5673
 5860
 8899
 2188
 4237
 1595
 1855
 5032
  289
  563
 4724
 1257
 4522
 7418
 8900
 6895
 8532
 8360
 7126
 1144
 1415
 8476
 3410
 2001
  559
 6358
 7605
 7816
 5872
 8447
  710
 4199
 9449
 1484
 7868
 5408
 1313
 7101
 5597
 6803
 2021
 3658
 6690
 2270
 8788
 4462
 8684
 1373
 8857
 5361
 6059
 3119
 1850
 6122
 4979
 6424
 9769
 9581
 2269
 7037
 3329
 5187
 7128
 2078
 3766
  737
 1321
 6699
 4176
 4250
 7480
 6090
 5423
   81
 8171
 4841
 9573
 1226
 7959
 9870
 3746
 9081
 8053
 1465
 6031
 1252
 8780
 3375
 3270
 5343
 9772
 6148
 1029
 7220
 1075
 2292
 5228
 9305
 9448
  125
  295
 7744
 1224
 2540
 5532
 4653
 1651
 5266
 6645
 4425
 7845
 8303
 6399
 7668
 7006
 7780
 5198
 4682
 6052
 8366
  650
 7948
 7946
 3362
 7807
 5652
 3249
 3572
 8725
 3806
 3583
 1944
 8818
  322
 6891
 2849
  996
 6400
 5785
 2316
 7259
 3827
 1567
 4978
 3643
 6752
 3254
 4732
 1478
 8528
 8768
 2476
 6280
 9815
 7820
 3330
 2005
 4952
 3577
 8035
 1444
 4599
  833
 7456
 1797
 9431
 7556
 1492
   27
 7380
 9349
 1735
 4646
 3629
 5754
 6496
 6901
 6675
 1925
 4683
 4111
  219
 8717
 5796
 5711
 2138
 4604
 2370
 3057
 3968
 4431
 6076
 3724
  549
  861
 2038
 8502
 2974
 3039
 4200
 8347
  376
 7485
 6269
 9662
 7427
 9883
 4549
 5150
 1886
 9065
 6572
 4330
 4640
 2600
 3783
 5703
  561
 1903
 6928
 7988
 1827
  405
 7623
 6328
 5807
 9435
 4886
 7080
 6249
 5838
  179
 5621
 5811
 7594
 3471
 9643
 4874
 3927
 7405
 2942
 3891
 3118
 8794
 2154
 2149
 9165
 6597
 4291
 6225
 7429
  434
 2378
 9722
 3551
 2471
 9489
 3432
 7987
 6132
 3117
 4832
 5073
 8198
 7610
 1775
 2624
 9873
 7272
 4404
 8296
 3689
 5420
 6010
 4097
 6151
 6539
 9051
 3632
 9259
 5903
  565
 5358
 3519
 4637
 5078
 4515
 2631
 8344
 3509
 9972
 8247
 5932
 1559
 5373
 2871
 9035
 6121
 7712
 2179
 3573
 6197
 2872
 5563
 9502
 4889
 5391
 1054
 2736
 6366
 9768
 1605
  711
 9433
 5577
 5223
 1218
  719
 5847
 8966
 3474
 4834
 7972
 5742
  258
 8278
 8386
 6892
 9226
 7855
 6691
 6169
 2578
 7069
  504
 5645
 2853
 9109
  975
  217
 5495
 8051
 3172
 9674
 1916
 9089
 9442
 7208
 4295
 1238
 4121
 3998
 1942
 8298
 9604
 8689
  461
 6067
 6640
 8853
 2538
 9385
 7273
 2983
 6745
  362
 6904
 3836
 1339
 7881
 2692
 6033
 2584
 5850
 5909
 4718
 5856
 6380
 2414
 8606
 8380
 6924
  647
 3983
 9875
 6018
 2342
 7323
 3654
 1358
 7088
   11
 5695
 8503
 1031
 9328
 6506
 7085
 3363
  977
 2737
 6093
 1773
 3851
 5262
    9
 7362
 1762
 6698
 2336
 9960
  768
 5973
 3252
 7176
 2452
 4000
 3213
 9267
 5602
 4813
 1095
 7676
 8265
 9539
  181
  382
 8269
 9046
 2681
 4491
 4662
  777
 2065
 5994
 4186
 1819
 3350
 4878
  626
 2638
 5270
 3501
  256
 6315
 3663
 1310
 4963
 5878
 3228
 3442
  240
 5866
 4694
 5654
 8400
 9119
 7169
 1390
 2556
 5947
 6291
 8113
 4739
 5169
 6044
 3553
 2263
 4606
 2433
 8094
 2634
 5428
 3352
 4417
 7822
 3266
 5949
 8551
  790
 1857
 5966
 1526
 5607
 1482
  865
 6070
 2045
 4736
 2004
 1613
 3205
 7287
 2346
 8140
 1381
  347
 8124
 7478
 8092
 3056
  171
 8396
 8262
  941
 2341
 4609
 5913
 2896
 7022
 1163
 1374
 7285
 7349
 2451
 4478
 9390
 1680
 5399
 6032
 9069
 4919
  191
 6812
 7099
 6294
 2534
 8261
  252
 8382
 8878
 9922
 6041
 1359
 4534
 3961
 1243
 8843
 4094
 1371
 1498
 6224
  586
 7512
 9304
 4341
 1188
 4750
 6063
 2743
 3058
 7197
  459
  401
 7161
 6263
 7830
 8197
 6507
 4243
 2115
 5299
 6005
 2899
 2087
 7453
 5689
 7831
 2073
 8429
 5467
 2368
 6161
 6933
 8119
 7291
 5245
  875
  966
 1092
 1537
 2573
 8371
 4015
 9792
 5787
 1037
 2559
 5425
 9540
 2119
 6537
 5369
 1342
 2609
 7949
 3988
 9336
 7624
 9495
 8338
 4961
 3092
 7682
 1770
 6296
 4396
 7413
 7702
  676
 3070
 8858
 4500
 4149
 1945
 1600
 7181
  233
 2884
 3006
 1033
 9730
 4581
 8038
 7771
 9070
 7897
  198
 5687
 8659
 3864
 8715
 6623
 1428
 8522
 3962
 8080
 7493
 9392
 2514
 3322
 2182
 4797
 5596
 1711
  554
 6223
 2485
  895
 3499
 2813
 2970
 7628
 8212
  281
 6444
 8902
 5131
 3542
 3835
 8798
 5260
 2379
 3096
 9932
 3515
 3340
 3146
 3129
 1889
  959
 9767
 4786
 2793
 8786
  560
 1918
 2462
 7989
 1377
 7148
 4901
 9934
 2726
 3214
 8989
 7759
 2469
 4499
 4870
 2890
 8518
 2380
 7416
 4230
 5149
 1127
 4947
 6405
 6882
 8854
 6864
 6337
 8437
 4615
 1101
 9524
 1143
 4632
 7502
 8669
  367
 7529
 8527
 1421
  421
 8807
 7681
  491
 4684
 3456
 9295
 1032
 9569
  659
 8085
 5996
 7359
 3307
 8795
 5217
 4031
 3435
  209
 8190
 2915
 2222
 7353
 9387
 9324
 8411
  692
 4506
 3781
 8849
 3732
 5027
  550
 3904
 2741
 7065
 9543
 8176
 3952
 8537
  121
 5387
 2574
 2906
 8070
  726
 7340
 5928
 2832
 3557
 7752
 6322
  215
 4281
 5830
 3482
 7327
 8815
 5087
 6748
 4085
 8405
 7320
 5436
 3964
 8826
 6756
 9401
  373
 1340
 1317
 3328
 9732
 1821
 6175
 8811
 7331
 2797
  409
  411
 1749
 6186
 8221
 7849
  778
 4062
 7538
 8876
 9944
 2507
 2189
 2946
 4105
 2343
 4969
 7534
 4016
 6789
  543
 5616
 7164
 8639
  308
 4792
 7015
 1102
 8299
   23
 4790
 7818
 5440
 2625
 6696
  605
 4794
 8125
 6948
 3198
 5173
 4310
 9028
 5155
 8192
 6092
 4740
 6868
 9393
 5404
 8814
 6392
 8370
  904
  183
 9469
 7882
 7659
  946
 8632
 2480
  929
 9756
 4172
 7487
 5826
 4910
 1152
 5057
 3500
 3681
 3707
 4332
 8594
 4752
 4833
  736
 8871
 4014
 4982
 4610
 8695
 6262
 3140
 7649
 8763
 5319
 3716
 6012
 1107
  766
 8955
 4765
 5190
 3936
 7238
 8408
  122
 5050
  913
 1254
 2710
  482
 9921
 7717
 1007
 8148
 1301
 5275
 4438
 4324
 6360
 2025
 5043
 4325
 3429
  599
 4450
 3085
  372
  442
 3174
  852
 1929
 5698
 9650
 9211
 3591
 6778
  886
 2951
 5034
 5997
  454
 6989
 1461
 1675
 1264
 9352
 3529
 2780
 2577
 8103
 8204
 5269
 3830
 5235
 6097
 7050
 3785
 2114
 2517
 8804
 3337
 6560
 2410
  305
 6852
 3825
 9945
 3144
 1088
 1997
 8057
 1732
 2333
 1592
 8521
 3128
 7742
 5672
 2322
 6430
 8273
  479
 2709
 1096
  893
 7940
 5986
 4241
 2190
 6071
 5889
 7543
 2229
 4744
 5327
 2640
  414
 8105
 5614
 7202
 1443
 5939
 3619
 7124
 2720
 3802
 6706
 4676
 7587
 6443
  524
 4783
 3769
  381
  760
 8910
 9242
  603
 5424
  315
 9389
 3354
 7789
 5105
 2396
 6728
 9452
 6237
 9052
 9704
 7410
 2248
 7299
  567
 6440
 3704
 8145
 1726
 3027
 8707
 3680
 2344
 4810
 9764
  340
 2838
 4331
 1333
  273
 9107
 5464
 9113
 9140
 7785
 8153
 5868
 8590
 7094
 5972
 1141
  205
 4394
 4017
 5277
 9937
 5746
 5586
  988
 4476
 1115
 2146
 4630
 3265
 4565
 8888
 1325
 1571
 9443
 3180
 6389
 1927
 1156
 1510
 7524
 1485
 5381
 4115
 2714
 1181
  497
 7919
 4066
  520
 9545
 2686
 9339
 4397
 5145
 1859
 4959
 9637
 3789
  387
  418
 8101
 6417
 3187
 5344
 6402
 6802
 4596
 8735
 4356
 3121
 1293
 2854
 6511
 4298
 8579
 2614
 8748
 6853
 9085
 3896
 4127
 7089
 2773
 1350
 7795
 8352
 2781
 5636
 5380
 7654
 4027
 9252
 9838
10000
  169
 8999
 4513
 1796
  500
 4573
 1530
 2960
 5715
 9249
 4854
 6448
 6221
 7457
 8036
 4933
 4189
 8544
 4592
 9989
 8461
 8301
 1363
 6529
 3355
 6570
 5704
 7045
 5871
 3111
 9959
 1716
 4024
 6027
 7305
 6995
 1990
 8759
  196
 3518
 2413
 8473
 2907
  521
 5518
 1949
  908
 1896
 3491
 1149
 8507
  585
 1707
 1832
 9286
  685
 5852
 1407
 8455
 7569
 3586
 1843
 7984
 4436
 3178
 7571
 5383
  609
 5052
 9661
 1783
 2954
 4761
 3672
 2375
  271
 1836
 8187
 9323
 1232
 6762
 2431
 4814
 8979
  880
 1911
 2247
 7833
  510
 9334
 8416
 9133
 4038
  899
 8000
 1161
 5861
  188
  249
   80
 5014
 3958
 3762
 1248
  377
 9417
 5038
 7863
 5375
 6546
 7990
 9828
 1312
 9671
 6218
 9829
 8771
 7417
 2800
 8275
 1106
 8229
 9938
 9779
  935
 8073
 4449
 1412
 5033
 5414
 5937
 9753
 8115
 3536
 2277
 7860
 8936
 9236
 8817
 5821
 4964
 7716
 8913
 1755
 1292
 6870
 3153
 8912
 5281
 6118
 5572
 8686
 5854
 1203
  776
 9597
 8596
 4091
 2191
 6471
 5489
 9173
 6542
 3199
 7686
 2113
 7577
 9277
 4315
 1360
 8564
 4454
   28
 6042
 8907
 7510
 9677
 3004
 8739
 1751
 1655
 1728
 8023
 5887
 6114
  948
 7536
 2061
 3667
 3636
 3725
 7582
 7469
  342
 2795
 5355
 3457
  938
 7998
 5013
 4130
 9299
  420
 2148
 4558
 4795
 3527
 6124
 3284
 9894
 1527
  708
 5388
 1000
 1969
 1380
 2098
 4399
 8240
  697
 9220
 1654
  388
 9727
 7779
 1907
 4624
 5128
 8970
 7415
 5302
 7355
 6913
 8806
 4655
 9851
 5717
 3480
 3502
 7967
 6410
 5960
 7931
 2895
 4935
 9026
 3894
 8800
 7308
 3269
 6053
 6941
 6460
 9395
 4844
 6707
 7905
  942
 6119
 3486
 7945
 1175
 7278
 9432
 4280
 1297
 5066
 1917
 4077
 7072
 1279
 9891
   19
 3309
  152
 6313
 6040
 3755
 3007
  329
 2256
 4811
 5914
 3042
 8664
   38
 6727
 3037
 7149
 7097
 4787
 3889
 3627
 4660
 5311
 8018
  107
 6556
 6642
 8499
 6823
 3141
 3548
 9266
  610
 9279
 8421
 4165
 3050
 5892
 6971
 6428
 8974
 3469
  148
 4357
 7952
 6523
 2294
 2938
 7421
 9673
 7622
  483
 1883
 5513
 2438
 4529
 3638
 2034
 3763
 6505
 1587
 3656
 3582
 2641
 9553
 5587
 5525
  998
 9638
 4428
 9775
 6763
 7409
 2964
 2102
 6456
 7559
 6608
 3735
 3436
 6450
 8777
  446
 5279
 9050
 6564
 7880
   63
 8420
 5243
 9965
 6896
 3771
 4052
 5538
 6133
 9228
 4019
 2760
 3460
 1433
 3900
 1267
 1951
 7947
 8306
 8755
 2647
 7551
 1341
 2566
  546
 8220
 4175
 6286
 3257
  653
 5431
  648
 6023
 2440
 6961
 9241
 2855
 9062
 4817
 1816
 6292
 2062
 8933
 7449
 8602
 6591
 8837
 8104
 5546
 8713
 4060
 2164
 8399
 3567
 7683
 5765
 7641
 2135
 3795
 4273
 6509
 4072
 9620
 6605
 2900
 8044
 6894
 9256
 5802
 6840
 7842
 6270
 5560
 9118
 7091
 7892
 6554
 2957
  878
 4999
 8249
 8055
   56
 6681
  844
 4231
 3947
 9463
 7708
 4196
 5735
 9076
 7749
  516
 4619
 3364
 3206
 3334
 7163
 7212
 5911
 8886
 2367
 4859
 4152
 3814
 9237
 7442
 9071
 1880
 5504
 9837
 2252
 2482
 2848
 8915
 1581
 2599
 7076
 9702
  600
  723
 3438
 8322
 4047
 5474
  624
 7215
 6889
 2988
 7561
 9480
 6492
 9975
 7955
 4203
 1737
  720
 1867
  757
 2084
 8410
 7336
 9651
 4244
 1503
 2101
 4920
 9086
 4320
 9171
 6115
 8332
 5553
 5603
 3908
 4349
 3483
 2168
 5206
 6250
 7447
 8761
 8478
 1261
 9108
 5836
  357
 4421
 4594
 1709
 5534
 9706
 8095
 2246
 2444
 7328
 9999
 1348
 1422
 9492
 2927
  158
 9794
 4170
 1066
 8665
 5721
 3313
 5237
 7152
  335
 2754
 3008
  514
 9990
 4924
 3374
 6800
 2698
 5521
 3494
  151
 1162
 4492
 5950
 9195
 5619
 2706
 7632
  645
 1185
 4123
 4046
 9616
 6963
 5058
 7279
 6940
 8668
 7910
 6489
 1411
 3539
 2529
 9973
 6836
 8280
 2917
 4180
 6737
  824
 7115
 9332
 7836
 9016
 6871
 1170
 6874
 3808
 9788
  244
 7685
 5809
 8111
 5225
 1931
 7565
  194
 2562
  579
 1607
  889
   47
 7459
 2799
 2549
 5977
 7423
 7593
 5908
  419
 4876
 3722
 1158
 8413
 1662
 8243
 9967
  129
   57
 7159
 3863
 2588
 4536
 4358
 5658
 1507
 3220
 5035
 1128
 7979
  423
 1826
 9297
 9194
 7629
 2646
 9053
 8676
 2503
 4473
 6955
 7376
 8208
 8595
 2925
 7154
 6196
 4415
 2000
 6638
 1534
 8433
 1957
  231
 9734
 9656
 2778
 8799
   32
 8418
 4004
 3255
 7825
 5438
 8100
 2127
 8093
 4056
 6201
 9232
 2107
 6547
 9572
 3493
 6043
 4948
  617
 9966
 1622
 9881
 4114
 3053
  622
  699
 9522
 4296
  239
 9275
 5166
 6347
 8683
 7117
 5300
 9583
 7675
 7519
 9869
 8428
 8311
 6127
  769
 8188
 5049
 1495
 7907
 3369
 5993
  136
 2362
 1336
 5575
 5453
 7713
 7214
 3078
 3749
 4756
 2278
 7697
 3066
 1839
 6486
 8359
 9904
 3331
 6333
 7384
    5
 7167
 8670
 5268
 3679
 4117
 5779
 7445
 4636
 1087
 5326
 3009
 2255
 5227
 5458
 9038
  325
 8721
 9391
 3143
 7352
 5138
   16
 9483
 9859
 5478
 1642
 4124
 2586
 9083
 9348
 6379
 5550
 5121
  469
 4793
 5439
 5100
 4539
 5962
 7020
 1690
  170
 4733
 2095
 4554
 4475
 3168
 9542
 4406
 6907
 6318
 5611
 2532
  278
 4591
 2592
 8448
 7075
 9322
 4482
 2384
 5975
 2120
 3828
 1502
 3102
 9006
 5556
 3188
  962
 3207
 6123
 7281
 1540
 5873
 7813
 5921
 5125
 1091
 6788
 6692
 8162
 9665
 9947
 9131
 6934
   86
 4095
 4211
 4873
 2132
 2610
  456
 2281
 5535
 3713
 1378
 2986
 8787
 1005
  681
 5984
 8307
 9488
 5867
 7036
 9216
 9180
 9060
 2802
 3051
 2973
 2434
 5812
 3384
 7198
 4429
 7514
 1672
 5670
 7241
 2713
 5175
 4423
 1372
 3290
 9848
 7411
 5733
 4851
 1045
 3209
 4824
  178
  811
 9898
  180
 3308
 3101
 7567
 7180
 7993
 2822
  291
 5683
 3014
 6038
  333
 8409
 4669
 2044
 9812
 3044
 2827
 1105
 6920
 9803
 5853
 7630
 3865
 1231
 4010
 1250
 6599
 2282
 2524
 3544
  486
 8084
 5413
  450
 7588
 2657
 4867
 9888
 8924
  687
 1285
 8660
 5016
 3906
 9156
 8045
 4614
 3757
 9399
   59
 4922
 5218
 2820
 1550
   72
 6320
 9724
 7062
 6779
 3817
  678
 8980
 5773
  770
 2949
 9150
 3420
 9666
 4226
 4590
 4826
 7566
 9795
 5732
 3447
 9176
 4141
 3989
 1154
 6938
 5679
 4527
 1073
 6357
 4444
 8329
  949
 4827
 8164
 2886
 8752
 3982
 9590
 7920
 2420
 3837
 6805
 6103
 2492
 4620
 1079
 3145
 9939
 6075
 3978
 1369
 6831
 3986
 5264
 3134
 9567
 8575
  511
 7921
 3195
 2100
 1730
 2701
 5981
 3351
  453
 5376
 6362
 7188
 1319
 1701
  235
 8802
 5620
 6254
 9005
  989
 8767
 6274
  999
  241
 1288
 5774
 8467
  402
 3729
 1778
 1139
 3926
 1116
 3449
 9067
 2241
  540
 9168
 6266
 3660
 6036
  968
 6204
 8552
 5849
 5000
 2668
 8701
 5590
 5757
 9455
 8937
 9189
 3412
 3260
 4388
  485
 7769
 1215
 1598
 3167
 4299
 4821
 4687
 7864
 5368
 1100
 8504
 7943
 8393
 9498
  378
 4122
 3300
 8863
  571
 8570
 9491
  784
 9397
 8546
 2966
 7030
 8498
 7155
 8926
  911
 7734
 4267
  901
 3043
 7143
  424
 1284
 6258
 3033
 1474
 8961
 3273
  623
 7518
 3520
 9440
 7025
 7335
 9169
 5216
 9684
 2752
 6606
 9739
 3797
 7136
 2689
 7396
 5132
 7067
 3776
 5622
 2687
 9272
 5210
 5777
 7013
 4710
 5116
 7576
 8808
 5339
 3238
 2083
   74
 8517
 3221
 3857
  338
 6565
 9471
 5165
  915
 5547
 4907
 6639
 7843
 9149
 5070
 4819
 9097
 3910
 7306
 9911
 6073
   55
 8314
 9691
  527
 4232
 7196
 5335
 3549
 7234
  211
 3203
 4932
 6145
 4058
 5795
 4451
 4190
 1173
 3377
 5702
 9736
 8098
 6573
 9477
 2329
 7190
 6519
 6420
 9843
  740
 9462
 4908
 3778
  700
 3336
 8110
 5104
 9555
 6567
 2575
 8219
  767
 7788
 2212
   36
 4155
   68
 5396
 5857
 1361
  313
 5956
 9485
 2635
 5325
 3710
 8614
 1375
 8431
 7884
  336
 2554
 7934
 8406
  606
 4246
 8028
 7572
 2211
 8741
 3662
 5178
 5855
 7071
 1364
 1394
 4323
 9017
 5507
  728
 3444
 1024
 2035
 7247
 7980
 1473
 2878
 5886
 3832
 6667
 9454
 1448
 1200
 7636
 4380
 2017
  349
 9925
 6620
 8441
 2757
 8927
 6099
  706
 4408
  882
 7303
 1994
 3758
 8847
 5691
 2496
 1318
 8033
 2981
 1968
 8320
  675
 8107
  197
  466
 7838
 7850
 5722
 1863
 4106
 1384
 6759
  643
  297
 6191
 6003
 2147
 1416
 6316
 6926
  673
 9996
 2569
 3992
 7189
 5434
   25
 4677
 9162
 7316
 6240
 7386
 4642
 2772
  800
 1148
 8149
 5569
 8612
 6374
 1784
 5194
 1247
 7805
 4479
 9337
 2934
 8978
 1626
 6454
 5219
 1099
 9963
 8764
 7875
 5421
 3546
 4766
 3838
 9290
 4825
 9596
 3532
 4989
 2769
 8805
 6878
 2050
 8074
 9950
 3023
 1970
 1168
 9457
 5247
 1926
 1671
 9527
 8097
 8392
 2685
 4742
 6736
 3421
 4318
 8281
   33
 6700
 1153
  193
  558
  345
 2977
 8236
 9461
 9994
 6158
 7867
 6592
 6217
 8524
 6515
 9831
 4905
 4986
 8997
 3103
 4837
 9441
 1591
 5592
 5415
 6959
 4994
 3170
 6905
 2048
 8934
 5046
 8139
 3342
  591
 8901
 4082
 6256
 6022
 9626
 1013
 7341
 4634
 1734
   85
 7627
 7100
 1761
 1908
 7767
 3869
 3281
 2317
 9058
 2096
 4916
 3677
 5297
 4914
 5492
  365
 9056
 8434
 4293
 1786
 1198
 4992
  551
 1167
 8203
 5874
 1182
 3714
 7495
 8268
 7375
 2817
 5433
 6583
 1643
 8152
 2058
 4627
 2703
 1097
 8868
 4586
  296
 1668
 8680
 9084
 8693
    4
 3612
 9544
 1697
 3599
 1717
 3100
 9735
 4941
 3041
 6502
 9915
 4192
 5756
 6975
 9689
 2478
 2940
 8471
 3569
 8419
 5067
 6491
 9132
 8088
 3715
 1904
 6128
 9222
 9356
 3084
 9631
 5817
 8506
 9009
 9505
 3047
 5926
 9429
 5514
  764
 6607
  467
 3765
 9982
 8690
 6356
 8545
 4892
 3064
 5935
 6711
 5541
 5894
 2184
  619
 4931
 8991
 9918
 3750
 4757
 4285
 6468
 8887
 2630
 6247
 3034
 3390
 7680
 3911
 3361
 9644
 5340
 1391
 8166
 8642
 1552
 1779
 1933
 6238
 8831
 2392
 3723
 8472
 7546
 2402
 2156
 9887
 2242
 5539
 4249
 3770
 5604
 5082
 9611
 7596
 3665
 5835
 7777
 6146
 8102
 8054
  350
 7131
 5635
 8046
 2805
 8702
 7488
 2254
 5183
 7230
 5893
 8681
 5076
  358
 4373
 3847
 9073
 6248
 5288
 7146
 1204
 1044
 5929
 3734
 8840
 1698
 1570
 9410
 1220
 4618
 5925
 3219
 6992
 6017
 7256
 3353
 8049
 9630
 7609
 1947
 5322
 3304
 2331
 4911
 3016
 1207
 4488
 5490
  245
 2200
 3080
   46
 3189
 5824
 6163
 3603
 2783
  663
 8205
 1197
 4601
 2339
  127
  732
 8929
 2775
 7874
  132
 7330
 4988
 1309
 6863
 5407
 2513
 5585
  534
 6798
 2725
 8264
 7733
 5224
 9529
   76
 9425
 6787
 7591
 1009
 7204
 9942
 2158
 6809
   48
 3839
 3760
 9218
 1935
 7300
 2441
 1831
 5987
 6295
 9867
  834
 8842
 3385
 4278
 9592
 5110
 2712
 3706
 8832
 8597
 1894
 1743
 6081
 1849
 1241
 7723
 6415
 5290
 2059
 3878
 3888
 3768
 6068
 6810
 9311
 1277
 7661
 3907
  701
  943
   12
 1861
 6361
 2349
  785
 3575
 1782
 1962
 9458
 7662
 7821
 2345
 1356
 6490
 7218
 6190
 7029
 5551
 8432
 5579
 5068
 2620
 7211
 4502
 7977
 9962
 1022
 4505
 5940
 6288
 9882
 5943
 6969
 8242
 3683
 3089
 7812
   97
 9627
 3095
 3225
  839
 5232
 7650
 8525
  917
 2022
 4868
 1467
 4361
 4447
 5099
 9588
 3670
 5488
 7021
 5813
 6447
 3948
 3787
 4533
 2151
 9820
 4064
 6339
 1599
 9459
 5515
 2952
 3507
 9251
 1814
 5133
 7941
 3395
 2798
 6231
 9564
 8138
 1076
 3391
 1399
 2448
 9886
 6211
 9615
 8480
 8134
 4322
 5015
 5678
 5764
 3579
 5348
  176
 9514
 9669
 4838
 8058
 3875
  157
 6110
 2481
 3496
 3796
 9045
 4216
 4063
 5951
 9127
 5606
 7248
 5450
 4376
 4368
 1973
 1213
 2403
 7261
  577
 8604
  702
  204
  792
 9191
 2601
 4403
 2273
  806
 3365
 8001
 1765
 1554
 3901
 2633
 7358
 7490
 9836
  898
 5023
 2265
 8117
   60
 2427
 7937
 4086
  225
 7873
 4065
 7260
 8474
 5390
 3317
 7511
 3987
 7666
 9895
  142
 9872
 6600
 7095
 9206
 3046
 7221
 5992
 1750
 8312
 3531
 1562
 9525
 7859
 1799
 7814
 1016
 9520
 4472
 4468
 9198
 5207
 2020
 2131
 6317
   92
 1283
  789
 7756
 8047
 8163
 6522
 7532
 1040
  992
 4051
 4020
 7826
 1402
 5650
   82
 2224
 3574
 6678
 4079
 8841
 1764
  319
 2998
 8147
 5181
 2093
 9585
 7381
 6267
 7611
 4697
 5599
 9763
 2435
 9741
 6479
 9257
 4151
 1895
   75
 9239
 5097
 2280
 1068
 2477
 5135
 8324
 1638
 7508
 4727
 8225
 9375
 5342
 3754
 7093
 1242
 4904
 2699
 3815
 4857
 3664
 5238
 2955
 3508
 3239
 9777
 8160
 3108
 1986
 5092
 2409
 7042
 6983
  286
 6530
 4526
 2602
 7917
 5060
  744
 2716
 8706
 1472
 8722
 6001
 1620
 3345
 2494
 9711
 4457
 5003
 2399
 8034
 6575
 9623
 2324
  632
 1419
 5567
 3462
 9983
 3162
  299
 1777
 1978
 3747
 9866
 5600
 3984
  109
 7834
 7951
 6825
 9991
 7277
 4686
  309
 8492
  580
 4144
 8629
 6488
 3492
 7865
 5139
 5753
 1315
 3310
 8417
 1060
 5724
 7913
 7119
 5601
 3570
 8099
 4253
 8133
 9980
 2711
 4882
  597
 6721
 4467
 7928
 6770
 3960
 3929
 2387
 3935
 1930
 3682
  871
 9474
 9954
 7083
 2502
 2667
 3415
 5127
 9135
 4550
 6412
 4772
 2347
 3234
 5503
 8443
  374
 5457
 9657
    6
 6610
 8497
 5942
 1740
 3874
 4863
  279
 1017
 6334
  734
 9500
 3512
 1228
 3489
 4879
 1901
  114
  443
 4671
 1367
 6843
 2360
 9378
 1788
 9445
 3991
  312
  845
 7397
 5965
 1295
 8797
 8730
 7678
 2268
 8539
 6449
 3000
 5280
 4284
 8351
 1195
  247
 6034
 9047
 7440
 2864
 5748
 6373
 8397
 7957
  836
 3993
  147
 3192
 8548
 8640
 4497
 4589
 6516
 6147
 8091
 7890
 5310
 7537
 1664
 4442
 1155
 9974
 7035
 8081
 1956
 4507
 6974
 8946
  267
 9466
  416
 5246
 6011
 8076
  257
 3463
 1345
 2999
 5798
 2352
 3759
 1041
 4789
 6916
 7446
 1543
 9710
 7271
 4929
 7408
 2312
 2394
 6180
 3610
 8993
 6154
 3347
  390
 7378
 6257
  448
 4828
 5233
 7672
  302
 1439
 3653
 1418
 2304
 9178
 9015
 9796
  628
 1038
 8442
  868
  804
 1058
 8747
 8206
 7444
 4309
 4805
 6475
  979
 2771
 1441
 5729
 9824
  175
 6293
 1281
 3061
 3177
 8130
 3850
 7617
 8589
 7841
  476
 1660
  321
 3804
 5193
 9184
 7539
 7134
 2356
 2425
 2887
 6688
 1208
 3120
 3422
 7474
 2833
 5447
  182
 8233
 2429
 8746
 7483
 4532
 3845
 3941
 8444
 2364
  200
 2029
  859
 8319
 7224
 7372
 3924
 8928
 9231
 7292
  873
  439
 6972
  216
 1471
 9208
 8839
 3204
 2218
 3918
 7581
 9995
 5775
 8424
 9010
 7435
 8958
 2276
 8950
 5222
 5083
 8032
 4706
 7651
 3655
 9100
 7081
 7118
 5056
  589
 7350
 5605
 5029
 5662
 3644
 7501
 7009
 1634
 5362
 9913
 3811
 4023
 1480
 2606
   29
 1357
 2812
 5055
 9416
 8646
  829
 1296
 9376
 6113
 2836
 2338
 5180
 3232
 2764
 4545
 2103
 6494
 2181
 9158
 9516
 6918
 4116
 1988
 7084
 9909
 6442
 9605
 8295
 8260
  775
  314
 5257
   45
 9802
 3876
 6309
 2928
 7191
 9066
 8300
 3401
  391
 9810
 8813
 3666
 4701
 1230
 3424
 1905
 8002
  101
 8867
 6944
 4128
 8791
 1805
 7575
 1659
 3564
  383
 1227
 6609
 3949
 3062
 3855
 8008
 2169
 7766
  735
 2572
 6624
 3090
 7383
 1165
 6954
 9075
 8824
 2202
 5617
 2994
 4883
 3261
 9993
 6160
 9819
 7926
 4247
 3861
 8501
 4949
 5379
 7898
 2834
 9396
 9595
 7430
 6156
 2611
 3819
 8157
 4872
 7043
 6943
 6753
 5644
  753
 6020
  143
 3428
 4755
 6858
 1708
 4888
 3611
 8790
   13
 9981
 7138
 4003
 1590
 4767
 6930
 4860
 3693
 1164
 7166
 7173
 9538
 5834
 1174
 6543
 1184
 8718
 3742
 1533
 7827
 9797
 9807
 2605
 1438
 5405
  727
 5411
 5827
 7753
 6404
 8310
 1223
 7790
 3495
 5573
 4968
 5686
  535
 5509
 5370
 4803
 8905
 9354
 8308
 3487
 5944
 5332
 5816
 2662
 6587
 9313
 6595
 4156
 5919
 7289
 4544
 1616
 6776
 7428
 5548
 4098
 2142
    8
  192
 6426
 3287
   49
  228
  451
 9160
 2961
 5613
 9785
 7276
  746
 2908
 8022
 8294
 8939
 2765
 1001
  384
  328
 2337
 1343
 1463
 5377
 4580
 2621
  731
 3571
 3325
 9565
 1830
 2432
 1674
 7135
 3696
 2009
 5088
 1246
 6790
 2756
 7494
  137
  658
  263
 6026
 1965
 6766
 7765
  832
 7068
 5031
 5072
 8358
 3923
 7784
 6755
 4531
 5496
 7145
 2808
 9407
 5026
 2792
 8834
 6168
 1860
  202
 9799
 2902
 9244
 7406
 2655
 8317
 7547
 7137
 5274
 4257
 1718
 8836
 9219
 4068
 8892
 3816
 7560
 4719
  621
 9510
  874
 1941
 4976
 4110
 2355
 3443
 3126
 2653
 4613
 2810
 4387
  493
 8112
 8144
 4400
 6275
 2767
  745
 6259
 3552
 8884
 7360
 1508
 2028
 6497
 7963
 6619
 6921
 9103
 2411
 9786
 5693
 8637
  598
 6909
 8925
 6957
 7728
 9106
 8291
  841
 2860
 2461
  665
 9248
 3184
 3105
 7751
 2287
 9587
 7304
  902
 5743
 9953
 5221
 4603
 5580
  185
 7073
 5727
 2824
 9221
 7969
 5184
 1516
 3052
 7870
 9335
 8645
 1221
 3880
 1196
 4013
 5289
 1245
 9261
 7239
 2758
 4489
 4069
 8598
 8633
 8438
 8896
 1976
 8284
 7209
 8056
 4044
 1055
 2924
 4283
  415
 1497
 3568
 4629
 1046
 2406
  517
 8168
 8469
 4560
 7499
 1490
  120
 9680
 7674
 2460
  195
 3684
 4543
 9300
 5791
   52
 5736
 4177
 4481
 8453
 5045
 8930
 9414
  971
 2141
 8648
 4945
 3753
 1304
 5641
 7877
 9422
 7693
 4213
 7401
 6854
 5684
 3617
 5119
 5437
  248
 9043
 8760
 3528
 7548
 1542
  436
 9329
 7615
 7504
 4287
 5946
 1854
 8607
  799
 4219
 1940
 5505
  334
 1657
 6646
  791
 1253
 9274
 9264
 9004
 3799
 1260
 8364
 5832
 8021
 2851
 1210
  408
 5498
 5186
 5706
 9192
 9896
 5731
 2446
 5036
 1791
 4402
 8682
 3873
 8012
 4102
 2075
 3212
 8566
 8623
 8511
 8587
 4484
 9759
 7338
 7111
 1546
 7193
 9353
 9181
 3872
 2013
 3631
 7677
 6777
 5204
 2140
 8403
 8744
 5304
 8990
  596
  797
 4966
 2118
 7798
 7978
 7853
 9721
 8288
 1992
  412
 6664
 7673
 9933
 1084
 6435
 7633
  936
  782
 9906
 3099
 4559
 8941
  602
 1572
 5090
 3971
 2377
 2571
 9265
 8271
 2043
 9031
 9535
 6153
 4206
 7904
 2642
 7817
 7012
  389
 2454
  356
 3902
 9419
 5410
 8605
 5239
 1899
 2870
 4839
 3133
 3054
 7426
 9210
 8078
 7656
 1699
 3687
 3453
 5927
  818
 4327
 3193
 3934
 7194
 9946
 6845
 1800
 7828
  460
 6580
 1891
 8468
 6742
 1446
 8508
   73
 3975
  165
 1237
 5020
 3445
 7665
 7652
 4785
 9664
 6866
 2568
 6786
 2199
 2759
 4661
  105
 1273
  161
 5491
 9388
 1362
 7104
 3788
 2327
  614
 7599
 7646
 7182
 1844
 2457
 5760
 6718
 6821
 8178
 1679
 4770
 9566
 3560
  796
 7244
 5845
 1706
 1691
  397
 3224
 9161
 2046
  883
 5810
 6345
  813
 8724
 8582
 7758
 8666
 8600
 5720
 4061
 6749
 8550
 6541
 3417
 9357
 4463
 9619
 6720
 8316
 7466
 8079
 5763
 7657
 7912
 8143
 6952
 4728
 5915
 5084
 5392
 4635
 6670
 7975
 4160
 3318
 8627
 5666
 1316
   64
 6757
 6986
 4737
 7227
 3075
 2806
 4239
 8427
 4182
 9927
 8827
 8569
  444
 3614
 6195
 5409
 2533
 6784
 7489
 8245
 6355
 1597
 1647
 5085
 1052
 2650
 6077
 7736
 4893
  266
 2051
 3846
 7257
 9609
 1493
 2527
 4598
 1742
 3434
 8385
 8075
 6120
 4129
 4625
 9002
 2560
 1847
 4595
  481
 9998
 3635
 2405
 1586
 3649
 4784
 3618
 3809
 8376
  282
 3645
 2366
 3343
 9064
 2604
 9743
 5096
 2724
 3191
 8733
 6927
 2522
 9606
 3805
 9044
 7923
 6808
 4938
 2464
 3733
 1074
 4954
 6841
 3922
 7448
 7533
 9534
 5629
  965
 7153
 6504
 5970
 3015
 5883
 3905
 9713
 7348
 9678
 9512
 2234
  611
 5528
 7570
 3423
 4137
  311
 5446
 3852
 2178
 8976
 9625
 9493
  331
 3373
 4956
 2959
 3608
 6694
 1714
 3032
 8377
 6665
 8611
 4480
 7450
 1523
 5341
 4759
 3909
 2267
 5261
 4887
 2889
 2825
 1663
 5924
 1574
 1536
 7005
  518
 1202
 6702
 6658
 1910
 2230
 7799
 8618
 6672
  879
 6732
 8224
 9093
 2428
 6666
 3358
 3841
  828
 7200
 9681
  214
 4983
 4769
  928
  909
 5063
 7031
 9652
 2404
  672
  858
 8653
  380
 1961
 7939
 4600
 3282
 3963
 6900
 9238
 8155
 7361
 4393
 4223
 8255
 9303
  887
 8526
 7283
 1306
 4364
  118
 8712
  616
 6765
 5989
 5456
 9532
 5531
 4240
 2721
 9654
  343
 2612
 9948
 3473
 9041
 8161
 5741
 6433
 3822
 5129
 1954
  657
 4713
 9137
 1617
  914
 8873
 5825
 4477
 6668
 6109
 1332
 5771
 3613
  232
 1943
 2465
 5555
 2901
 6739
 7616
 5240
 7601
  884
 5366
 4861
 4638
 7902
  508
 7528
 3400
 2310
 7906
 2980
 1338
 4715
 6065
 7098
 6035
  654
 7461
 9024
  385
 1049
 8266
 1311
 1686
 6048
 1793
 9614
 7252
 2821
   20
 5843
 9464
 7127
 8540
 4925
 9808
 1980
 1385
 9102
 3243
 6431
 9878
 9850
 4552
 8822
 6398
 5594
 4354
 7003
  812
 1811
 7296
 8491
 2354
 2537
 9558
 1098
 3973
 7307
 7634
 8959
 3609
   61
 7507
 8365
 4967
 3472
 9373
 4359
 4163
 2126
  693
 6290
 7225
  629
 8542
 2982
 7760
 4758
 2918
 4800
 1355
 9952
 5313
  876
 7464
 9413
  484
 6346
 7325
 1584
 6524
 3913
 3357
 1665
 7715
  689
 5037
 2382
 7689
 6101
 1111
 6820
 6538
  355
 5739
 2006
 4612
 5205
 1426
 8685
 2272
 5884
 4119
 3419
 3175
 1576
 5272
 8765
 8833
 9317
 2489
 7016
 2551
 9718
 5890
 1110
 8223
  366
  739
 2993
 5971
  285
 6987
 4490
 6960
 4631
  422
 1320
 6601
 6729
 5669
 2719
 5595
 7103
  213
 7806
 6899
 6833
 9745
 4236
 7388
 6671
 8893
 9703
 3604
 3159
  156
 7139
 9369
 1398
 3236
  891
 5646
 3071
 3258
 8625
  593
 8451
 8108
 1937
  803
 3621
 6198
 3060
 5042
 8704
 9121
 6045
 7032
 7852
 1759
 9852
 1633
 3406
 8246
 9907
 1205
 4126
 2193
 4981
 8848
 5901
 7517
 9122
  738
 2968
 4471
 4723
 7773
 1280
 1652
 2161
 2363
 8944
 1062
 2997
 3448
 5025
 9855
 7379
 4773
 9659
 8726
 5718
 6582
  425
 6341
 1059
 2550
 4446
 8956
 3397
 7888
 2542
 1489
 5639
 8785
 6912
 1921
 8404
 2804
 4245
 4542
 9782
 3848
  243
 5734
 3302
 1112
 4802
 3069
 2715
 1795
 8874
 5419
 2011
 2505
 2913
 4366
 6615
 2408
 2121
 8736
  398
 8183
 9968
 8881
 8509
 2235
 7500
 1589
 7607
 9714
 4848
 5200
  115
 4768
 4078
 5630
 7132
 1532
 3885
  339
 4153
 5508
 2488
 6407
 1603
 1229
 9509
 6220
 3607
 9227
 6637
 2933
 9750
 4584
 4523
 8968
 8890
 9406
 6276
 3640
 4693
  704
 2443
 9765
 6684
 7184
 7552
 4006
 7339
 3558
 5881
 2275
  539
 3772
 6483
 1083
 5998
 8127
 2784
 6228
 2696
 9013
 1216
 7107
 2770
 3820
 8142
 8917
 3484
 6064
 4290
 8563
 8538
 6865
  177
 3190
 2236
 2975
 9688
 2629
  238
 8207
 7540
 4092
 2518
  280
 3523
 7688
 3161
  994
 4300
 1082
 4456
 9213
 8394
 7280
 5017
 3464
 5770
 7757
 7778
 4147
 7600
 9308
 6559
 1818
 9694
 1623
 2104
 8425
  867
 6945
 5064
  819
 7333
 9941
 5208
 2170
 4025
 5201
 5574
 8591
 5609
 1388
 9749
 7312
 2499
 7077
 7602
 5723
 2628
 6881
 7206
 4741
 8327
 3476
 4663
 6112
 6098
 9497
 8283
   99
 4212
   37
 8158
 6734
 3578
 6246
 5253
 2447
 7246
 7157
 1521
 3588
 2172
 3892
  528
 5842
 3156
 2097
 8172
 6441
 8151
 1432
 4578
  395
 1201
 6058
 5483
 9761
 4616
 9916
 6780
 7451
 8519
 1892
 7772
 6867
 3208
 7732
 1236
 8619
 4680
 6229
 3786
 2742
 7953
 1109
 1329
 5188
 3652
 8048
  428
 5334
 3497
 2258
 4774
 4443
 7399
 6181
  896
 3598
 6613
 4458
 1912
 4297
 8622
 2251
 8960
 9670
 2552
 8516
 4427
 5979
 6528
 2401
 5588
 8784
 2500
 9844
 2512
  330
 8998
 6773
 2509
   70
 6993
 4048
 7436
 2867
 4985
 4987
 2026
 2042
 3019
 5516
 8346
 2644
 8050
 1251
 2723
 3630
  532
 6273
 8090
 5059
 2839
 8096
 3843
 9434
  680
  370
 6499
 6129
 6002
 4869
 5306
  153
 6325
 8231
 6877
 3222
  396
  592
 6165
 1897
 2305
 9003
 4166
 7407
 2790
 4934
 9190
 8003
 5314
 5522
 4547
 7553
  826
  492
 5954
 3503
 2541
  981
 8882
  566
 3708
 3326
 4252
 9910
 5276
 9723
 6584
 6006
 5349
 9025
 9331
 4703
 2261
 5905
 4133
 6287
 2144
 3938
 3251
 6603
 8423
 1456
 8061
 1772
 3743
 3059
 2214
 4073
 5767
 5329
 5562
 6271
 8613
 7684
 4205
 5805
 3565
 1893
 5162
 3812
 5659
  332
  167
 3647
 2326
 1741
  112
 7433
 8361
 2875
  458
 9636
  530
 9398
 4605
 8042
 6086
 2130
  762
 2213
 3505
 1370
 9667
 5583
 5124
 8270
  119
 9610
 3413
 4255
 1549
 3185
 6193
 2442
 1278
 2459
 2085
 3981
 9537
  206
 1794
 8186
 6617
 1366
 6084
 9731
 5179
 3386
 8636
 2791
 7739
 6106
 9726
 9601
 9816
 7638
  512
 2563
 2437
 9719
 1458
 6487
 4188
 2037
   89
 6233
 5386
 4944
 7365
 8426
 8866
 4899
 4422
 1635
 8719
 1920
 4645
 8851
 4329
 5759
 6981
 8326
 4392
 7367
 2958
 5749
 8696
 7160
 3995
 1614
 3921
  303
 9738
  473
 1828
 5675
 8781
 1056
  403
 4437
 8395
 9175
 1067
 4029
 6714
  823
 2243
 3274
 7066
 5465
 6847
 7326
 7294
 6303
 6750
 9482
 2828
 3738
 6998
 5071
 4059
 7454
  260
 7648
 8801
 6914
 5285
 4700
 6772
 5202
 2060
 6332
 2963
 2185
 2271
 1766
 5426
 9696
 5829
 1070
 2669
 7513
 6814
 7419
  237
 8239
 1119
  221
 5707
 1303
 7823
 1964
 2302
 2971
   22
 7574
 3887
 8720
 1396
 4208
  506
 2187
 9717
 1585
 3798
 5647
 9523
 1723
 6359
 3477
 5354
 4352
 5593
 9361
 8200
  725
 9602
 9958
 9428
 9561
 2361
 1255
 2843
 8169
 4333
 3381
 6462
 8487
 2264
  655
 4972
 8357
 9079
 4915
 2298
 4731
  262
 9289
 1582
 6949
 7730
 3517
 5918
 4022
 6419
 6062
 9842
 6327
 9700
 5761
  849
 5303
 3237
  662
 5839
 6532
 6484
 2845
  268
 2372
 8007
  251
 9423
 2007
 4779
 2749
 3955
 4754
 7175
 5482
 2858
 3622
 5234
   35
 8931
 2311
 4791
 4666
 2996
 8658
 1080
 7351
 3398
 9576
 3076
 9436
 6408
 8226
 2976
 4808
 3470
   87
 8617
 7965
 5267
 6783
 5840
 5463
 3459
  721
 2231
 7255
 5069
 7298
 2424
 9813
 9979
 5295
 4214
 8830
 2192
 7746
 8679
 3229
 6733
 5501
 6917
 2196
 5536
 6209
 2323
  584
 7958
 8067
 8567
 7829
 1661
 3898
 9095
 8496
 4158
 6463
 7121
 1820
 8572
 1004
 8414
 4395
 8909
 4928
 5865
 7310
 8436
 6695
 6177
 3602
  227
 8251
 1834
 8973
 4207
 1689
 3468
 8132
 8995
 8745
 4440
 5493
 2897
 2801
 2112
 3321
 8828
 3966
 1211
 9104
 8334
 4519
 6883
  552
 3498
 6650
 6860
 7544
 7887
 3217
 7265
 5674
  830
 5422
 4229
 7301
 9955
 1981
  772
 9302
 4891
 2674
 8297
 5315
   17
 3142
 7201
 8010
  449
  667
 2228
 4894
 1121
 7982
 9549
 6953
 9269
 7414
 5209
 7608
 9014
  668
 4353
 6252
 1408
 3072
 1299
 6319
 8756
 2883
 8948
 7226
 3067
 7891
 9600
 2351
 9207
 3840
 2903
 2985
 7866
  106
 2016
   69
 1089
 4089
  413
 6824
 9418
 3997
 4685
  351
 5527
 8891
 2659
 1138
 8697
  526
 1776
  162
 3028
 2761
  298
 9019
 6633
 2627
 6368
 3348
 2774
 3285
 6869
 7737
 4303
 9791
 8087
 2579
 3338
 4840
 5882
 2989
 8174
 3533
 6363
 2090
 6082
 7573
 7092
 8020
 1509
 9368
 7443
 8459
 7395
  703
 7886
 2677
 8464
 3701
  794
 6243
 5651
 6767
 5159
   66
 3163
 5427
 3293
 8558
 9885
 9438
 2787
 9988
 1427
 4654
 1169
   14
 4847
 5985
 9507
 9451
 2133
 2846
 9648
 2332
 1960
 4788
  860
 6207
 6239
 7761
 5203
 5786
 9709
 2546
 1729
 1812
 1736
 3378
 2209
 8952
 4555
 6472
 8994
 4843
 3976
 4881
 1133
 7207
 6512
 4277
 7363
 6781
 2967
 9072
 8688
 6760
 4746
  495
 2673
 5782
 6206
 1678
 5255
 3853
 4261
  866
 7635
 1190
 9036
 5710
  848
 1145
 7704
 2015
 3867
 6437
 6493
 6822
 7590
 3292
 5776
  761
 6074
 5571
  751
 9273
 2909
 7869
 9059
 5681
 9790
 3965
 2088
 2510
 5656
 6679
 8287
 4511
 5103
  747
   94
 1137
 9193
 7727
 9363
 3792
 6910
 3183
 5030
 4455
 6480
 5941
 1934
 2204
 1290
 6102
 8859
 2866
 6631
 6922
 8742
 3593
  709
  375
 5690
 7174
  341
 6887
 5242
 6598
  547
 5936
 8454
 2708
 5019
 8167
 4379
 1769
 9770
 5772
 6630
 7249
 6416
 3516
 4514
 3977
  471
 7041
 1798
 9082
 2755
 9856
 6710
 6704
 3414
 6970
 1451
 9042
 6028
   18
 6072
 6395
 1450
 7060
  568
 2558
 7125
 5529
 7026
 4831
 4460
 7048
 1129
 4345
 8703
 7523
 8321
 2637
 6030
 4384
 1244
 6544
 7707
 1020
 1573
  538
 2544
 9781
 6709
 4734
 3148
  128
 5171
 1670
 2766
 2789
 6376
 3596
 3294
 4459
 6531
 4434
 2040
 7090
 2762
 6676
 1683
 9682
   96
 7663
 1475
 8634
 5642
 6792
 6406
  847
 5459
  140
 8922
 2074
 5143
 3197
 6185
 5010
 8372
 1972
 2439
 5402
 9874
 5024
 7603
 1807
 6936
 5123
 9090
 2180
 9234
 2274
 6775
 4708
 1695
 1760
 6411
 9936
 6469
 6425
   90
 5443
 9754
 5990
 1967
 2565
 7357
  159
 3360
  637
 6625
 8118
 1829
 2589
 2840
 1085
 6724
 5751
 9223
 8341
 6107
 5789
  294
 8782
 2328
 2748
 9594
 4970
 2816
  590
 4707
 7314
 9568
 2525
 2299
 9120
 8654
 7038
 5957
 1337
 6227
 8066
 6657
 9240
 1815
 1093
 4326
 1722
 1008
 1505
 8375
  976
 8650
 4898
 6740
 4039
 8014
 6838
 4337
 3826
 7983
 9789
 2303
 6521
 6241
 5107
 5945
 5519
 6464
 4118
 1349
 7909
 8348
 7270
 3147
 9923
 3226
 2358
 5137
 2969
 1569
 3173
  199
 6832
 2619
 8250
 1042
 4562
  346
 5876
 8293
 7985
 6427
 3642
  742
 4670
 5282
 2904
 4862
 7922
 7033
 3250
 9880
 9327
 5479
  831
 5111
 2750
 6167
 3160
 5265
 9402
 1268
 3834
 2835
 9533
 6558
 1330
 8465
 7721
 1353
 1019
 8778
 4998
 1404
 1848
 6014
 4890
 8481
 3930
 9022
  625
 8213
 1538
 2788
 5163
 3194
 6432
 8256
 3478
 1447
  470
 2665
  894
  890
 9233
 3018
 2152
 9381
 5624
 9280
 1610
 7008
 7109
 4142
 3272
 7268
 2466
 2033
 8201
 3022
  939
 1580
  400
 5576
 1034
 3831
 7516
 5469
 9645
 9217
 2300
 1103
 6230
 2395
 8967
 1619
 1868
 1483
 6568
 3671
 1641
  910
 6183
 4088
 3737
 7847
 9400
 7542
 5041
 4608
 8026
 3367
 6815
 2545
  816
 9351
 4801
  670
 3634
 6466
 5497
 2150
 4070
 5797
 6202
 7899
 4461
 6116
 3455
 3370
 6979
 5374
 2319
 1983
 3698
 9125
 4913
 4178
 5906
 4809
 1640
 9250
 3580
 4717
   40
 7667
 4990
 7051
 6741
 9499
 9744
 3858
 4286
 9048
 5196
 3943
 2990
 7133
  304
 1948
 5958
 9827
 9876
 6455
 4340
 4372
 7960
 2740
 2027
 5705
 3818
 9146
 8170
 2412
 4853
 1462
  445
 7055
 8009
 3107
 6306
 4307
 7382
 1874
 1575
 8209
 5296
 4776
 8543
 1746
 7839
  649
 9737
  952
 9310
 1269
 5524
 6844
 7964
 3368
 1604
 2857
 4503
 7394
 8277
  937
 4367
 6482
 9374
 6842
 6143
  846
 8336
 4346
 8439
 6850
 8292
 8880
 3600
 2823
 5384
  417
 1518
 3576
  944
 8289
 5917
 1023
 4321
  854
  749
 5879
  498
 4602
  588
 6839
 6604
 5432
  656
 3248
 4074
 5494
 1061
 4210
 8141
 7936
 3359
 7861
 7017
 6726
 1124
 9183
 6978
 2693
 5398
 4272
 3895
 4191
 5062
 5897
 5663
 2157
 9345
 6510
 8615
 8943
 4381
 4575
 6219
 5923
 4866
 7927
 5769
 2455
 4955
  135
 8391
 4150
 7858
 6612
 7373
 6401
 9884
  208
 3246
 6965
 3097
 8337
 8897
 8641
 6754
 8562
 3093
 1012
 5612
 1864
 2856
 5737
 3584
  677
 4271
 8568
   95
 2891
 9697
 9243
 3010
 9475
 5229
  930
 3488
 8389
 6461
 9589
 1263
 4528
 1328
 5685
 2077
 3275
 2916
 1629
 5561
 8574
 1258
 5499
 5692
  788
 5449
 9384
 8864
 2225
 6453
 5967
  201
 4201
 7253
 1852
 9618
 8938
 8257
 6338
 8573
 4665
 7286
 5102
 5545
 4081
 6627
 6351
 3705
 8214
 4183
 3113
 2649
 3152
 1535
 1300
 3426
 8290
 9530
 6915
 9330
 6394
 4439
 9034
 5578
 3231
 2608
 3823
 5632
 5589
 3002
 1919
 8812
 4483
 5249
  793
 9612
 2553
 6819
 7404
  970
 5895
 9554
 4032
  307
 3139
 1078
 4260
 4585
 6057
 9798
  641
 5863
 9634
 6801
 8490
 5999
 1677
 3137
  809
  487
 6307
  651
 4510
 7854
 3132
 7762
  360
 2863
 5356
  555
 1406
  536
 4856
 4386
 6849
 7579
 6335
 1434
 8304
 6574
 1738
 2456
 5120
 9635
 6514
 8450
 9584
  855
 8452
 2055
 7791
 1282
 9889
 1615
 5506
 6876
 4709
 5902
 1494
 4173
 5337
 9096
  755
 4880
 3793
   98
 9729
 1057
 5920
 7837
 3036
 3025
 9253
 2654
 4220
 9917
 6594
  447
 5708
 7731
 1753
 6966
 5880
 8202
 6884
 1687
 5912
 8835
 3951
 7472
 4918
 6365
 2905
 1051
 5142
 1140
 7056
 2369
 4668
  316
 4508
 3387
 7240
 2110
 5502
 8237
 7116
 4270
 4621
 5417
 6829
 5444
 3049
 5001
 4900
 2530
 2873
 3718
 6353
 1704
 6545
 5671
 5130
 2330
 8460
 7476
 3890
  507
 2233
 7787
 3547
  940
  160
 2186
 8024
 6723
  173
 3695
  186
 3316
 8512
 5357
 8819
 1955
 7996
 1071
 5486
 8135
 3744
  117
 1262
 8286
  430
 3399
 1513
 9270
 6589
 7199
 9961
  983
 9255
 4104
 8850
 7106
 3475
 1420
 6533
 8274
 4725
  353
 9112
 6222
 9382
 2306
   71
  636
 6797
 9470
 7893
 4382
 8077
 4953
 4288
 2511
 2702
 6182
 8919
  553
 9467
 7800
 7871
 2623
  724
  644
 3648
 1558
 5475
 8065
 6297
 3543
 9563
 7962
 6037
 8315
  455
 5862
 8435
 5393
 1564
 6550
 7625
 5445
  801
 9608
 8903
 6232
 7671
 3751
 6705
 1289
  660
 4242
 3312
 1650
 3267
 3098
 5610
 5701
 4643
 3122
 2962
 2134
 6085
 8086
  468
 1331
  320
 9380
 9725
 3112
 1235
 8029
 6590
 9063
 9546
 1270
 7295
 2694
 4100
 4965
 8279
 6150
  548
 2266
 7422
  139
 2056
 4855
 7431
  842
 6336
 4743
 4409
 2733
 5565
 2340
 3651
 7954
 7311
 9863
  969
 2018
 8017
 2335
 9556
 9513
 5197
 6091
 1090
 8754
 2972
 6768
 4816
 3035
 1825
 6458
 8709
   31
 1186
 8949
 1792
 3833
  997
 1233
 4412
 8534
  947
 6758
 8535
  317
 9997
 5667
 6088
 9179
 2528
 5251
 3291
 1998
  457
 2039
 9061
 5075
 7738
 4369
 7034
 8616
 3396
 3356
 6677
 1294
 3179
 1888
 8536
 4943
  576
 7468
  679
 1898
 8349
 7658
  207
 7425
 9144
 9562
 6569
 5726
 4254
 2334
 5803
  501
  921
 6616
 9347
   77
  300
 5118
 1191
 7848
 9617
 5643
  903
 8957
  572
 2497
 6418
 3626
 6321
 2174
 4906
 5963
 8750
 9908
  733
 3673
  857
 6214
 8953
  284
 7924
 4179
 7774
 8159
 8796
 3925
 8860
 8486
 1189
 5328
 1900
 9296
 2052
 8137
 7477
 3296
 8710
 4667
  364
 9282
 1688
 5115
   67
 6136
 8916
 4470
 9518
 2259
 1625
 8583
 8131
 2285
 4846
 1713
 7203
 5974
 6390
 5236
 6049
 9833
 4139
 1442
  144
 8829
 8820
 2129
 7150
 8885
 4215
 7809
 1469
 4501
 9188
 8282
 2941
 8238
 8383
 6977
 8729
 4195
 6289
 2807
 6888
 1923
 6244
 7024
 7142
  529
 3115
 6846
  149
 8040
  523
 3077
 6467
 4512
 4850
 8738
 7374
 9776
   26
  713
 3521
 4174
 7997
 8355
 5814
 6994
 7366
 9199
 4557
 5910
 8039
 9793
 5738
 8068
 1813
 7237
 2585
 7185
 2176
 1609
 3937
  888
 3333
 7844
 6535
 8121
 3646
 8258
 8555
 9577
 6856
 9012
 6381
 2139
 4416
 3241
 9822
 9287
 5367
 2240
 6581
 3079
 6771